784
































































































































208.1 217.2 230.9 238.1 267.5 270.3 285.4 
201.5 202.4 205.8 208.5 209.6 214.1 216.4 217.7 219.4 220.0 225.6 228.3 229.1 233.9 234.1 237.2 242.2 245.7 247.1 250.4 252.6 253.6 258.0 259.6 261.7 264.8 265.3 265.6 268.1 269.4 271.5 274.7 277.3 279.1 279.3 279.4 282.9 285.3 287.4 295.6 296.7 298.7 299.2 299.3 
214.8 216.3 218.6 223.8 227.5 229.7 232.4 236.0 238.9 244.0 244.6 253.3 254.9 259.5 272.7 274.2 278.1 281.2 286.5 297.9 

























215.4 217.7 224.1 228.3 234.4 245.2 263.7 276.7 277.6 277.7 279.6 286.6 293.9 295.3 
201.7 202.0 204.5 204.9 206.4 206.5 210.1 211.1 213.0 213.6 214.8 219.1 219.5 223.9 224.3 226.0 226.7 228.8 233.2 233.3 233.6 233.7 237.9 239.1 241.5 244.6 245.7 246.9 250.3 256.3 257.4 257.6 258.2 261.5 263.6 264.9 269.5 270.4 278.6 279.3 282.2 282.9 288.1 293.9 294.2 298.4 
215.8 218.3 229.5 230.9 234.6 237.9 245.4 248.9 262.0 264.1 265.7 280.6 286.8 

























205.3 213.7 218.6 230.7 232.8 239.6 240.7 245.1 247.5 250.2 253.7 254.8 260.0 264.6 266.9 267.1 270.2 271.0 271.3 274.4 276.5 283.6 293.7 299.2 
200.9 207.3 208.8 212.0 212.7 213.3 216.0 216.2 216.4 217.8 219.3 221.3 221.7 227.8 235.5 236.6 239.7 240.6 241.1 241.4 248.3 248.6 255.4 256.1 257.8 258.5 263.4 263.7 270.1 272.0 275.1 276.5 280.8 285.0 291.1 291.7 295.1 

























211.4 232.8 271.0 276.7 282.6 295.0 
202.7 204.4 210.3 210.5 216.6 217.4 217.5 218.9 223.6 225.1 225.3 232.9 233.1 237.0 237.2 251.2 256.9 257.1 259.7 265.5 268.3 269.2 271.0 271.3 273.0 273.6 276.8 278.1 281.8 282.5 283.5 284.0 285.0 285.7 286.7 288.3 290.5 291.0 294.8 297.0 299.2 299.9 
201.1 209.7 213.1 218.2 225.0 230.9 233.2 233.3 235.0 237.2 237.4 238.8 239.5 245.3 246.4 250.4 250.7 255.5 256.9 257.5 260.4 262.3 266.7 268.0 272.4 273.9 276.2 278.2 279.6 280.9 281.4 289.1 291.5 294.1 

























207.6 208.1 212.5 215.2 216.6 221.5 236.9 239.3 244.6 247.5 261.7 268.4 279.0 296.4 297.6 299.5 
200.3 204.5 206.5 208.6 209.3 211.7 211.8 213.1 214.8 215.0 215.2 216.1 216.7 217.8 218.2 220.3 227.0 228.8 229.8 234.5 234.6 244.0 244.2 245.2 249.9 253.1 255.1 256.4 257.6 257.8 258.0 261.7 270.8 273.4 275.4 278.0 278.6 279.7 280.7 281.8 283.6 285.8 286.7 288.1 294.1 
202.6 212.2 212.4 212.8 214.4 215.5 218.8 219.2 220.6 220.8 231.3 231.4 235.1 245.0 247.1 248.1 251.1 251.8 258.6 286.6 297.5 

























209.7 211.3 212.1 214.1 216.6 218.2 221.2 223.3 224.5 224.9 225.5 226.6 227.2 228.5 233.8 239.5 243.6 245.7 248.8 249.4 250.7 258.1 267.7 278.7 280.1 281.6 282.4 282.7 285.5 287.3 290.9 291.7 298.3 
200.2 200.4 200.8 206.1 208.6 212.2 213.0 214.0 214.7 224.2 225.4 225.9 226.8 227.6 230.2 230.7 231.7 232.3 233.3 233.8 234.9 240.2 241.0 243.3 244.2 247.1 250.1 250.9 252.1 254.2 259.9 260.9 267.7 272.9 279.6 281.2 284.2 285.7 286.1 286.9 287.7 288.2 288.4 290.6 291.6 295.2 297.4 298.5 298.7 299.3 
215.2 251.9 263.6 
























201.6 242.9 244.7 276.1 295.0 
206.3 207.6 211.1 212.8 213.7 217.5 218.7 220.8 221.2 221.4 223.3 225.7 225.8 228.8 230.8 234.2 235.1 235.5 237.8 238.2 240.3 243.2 244.6 246.4 249.9 251.1 254.8 256.7 257.5 257.8 260.0 261.0 261.5 261.8 265.7 267.3 268.7 269.5 274.4 277.7 280.8 282.7 284.8 288.1 289.2 290.6 292.1 296.3 299.4 
206.2 206.7 213.2 218.8 219.8 220.2 222.2 223.1 223.6 230.1 236.3 239.5 240.6 254.4 259.4 264.0 268.4 273.6 275.6 277.3 280.0 284.4 287.1 290.1 290.2 291.2 295.8 

























206.8 212.8 213.4 214.7 216.0 216.3 217.0 221.1 224.6 228.8 230.4 231.4 233.6 235.0 235.1 238.7 239.3 239.4 239.8 240.4 244.4 260.6 261.2 266.3 274.8 282.1 287.4 289.9 291.5 
200.4 203.7 206.1 206.4 206.8 208.5 209.1 209.6 211.8 213.5 215.0 215.9 216.7 218.5 221.2 222.5 224.2 228.0 236.9 238.8 240.2 243.5 248.8 249.3 253.2 254.0 258.2 260.4 260.7 260.8 261.4 262.5 266.6 267.1 267.8 268.9 269.3 272.6 276.9 277.7 283.3 284.7 285.9 288.2 290.1 295.0 295.8 298.9 
204.1 204.7 206.0 206.6 206.9 207.7 212.6 214.7 217.9 227.3 232.9 236.3 236.7 240.6 243.3 243.8 244.1 244.8 246.3 247.4 248.5 252.1 260.8 264.0 268.3 268.6 274.1 274.5 275.9 284.9 289.3 293.0 

























200.7 207.3 209.0 210.4 211.1 211.8 213.3 215.1 215.8 216.1 216.5 219.2 223.3 226.9 233.2 234.9 237.5 238.5 246.1 254.5 258.9 259.1 261.3 262.7 266.5 275.6 276.2 276.8 277.4 279.3 286.9 291.9 292.1 293.4 293.6 
200.8 202.9 211.3 212.3 216.7 217.5 220.8 221.0 222.6 224.5 227.4 228.5 230.0 231.2 232.4 238.2 238.8 241.3 243.2 243.9 245.1 246.7 247.9 248.0 248.6 249.3 250.0 250.2 251.0 252.6 253.3 254.8 256.9 257.6 257.8 259.0 263.4 265.1 265.5 266.6 267.4 267.9 268.2 268.6 271.2 272.0 272.9 273.4 275.0 275.8 277.1 277.7 278.2 280.1 283.2 288.5 289.5 293.1 298.0 298.9 
200.1 201.1 210.7 212.6 230.6 234.4 239.2 244.1 254.3 272.1 278.9 283.3 292.5 298.2 
























200.3 213.0 215.2 221.4 230.7 231.6 233.4 234.8 238.9 240.7 243.7 249.0 251.0 254.8 258.9 261.1 261.7 262.3 269.7 270.2 276.6 283.3 
201.6 203.1 204.7 205.5 205.7 208.2 208.7 209.6 209.9 216.1 217.3 218.9 219.2 220.0 220.6 220.8 221.5 221.8 224.9 228.9 230.3 231.0 233.7 233.8 237.7 239.4 241.4 243.3 243.7 244.1 244.5 247.0 248.3 252.8 253.7 254.4 260.1 260.3 263.1 265.4 271.1 272.3 274.0 275.2 277.2 279.8 283.0 283.5 285.9 287.8 290.5 292.1 293.0 294.3 294.6 296.7 299.2 299.3 
200.0 202.1 209.1 210.9 211.2 211.7 215.1 216.3 224.2 224.3 225.7 228.5 230.3 237.8 239.9 245.6 247.6 255.2 255.5 260.8 264.2 264.5 266.3 267.7 269.3 270.1 274.3 279.4 279.8 281.2 287.8 288.0 288.2 289.4 289.8 298.2 
252.2 274.5 
























206.5 208.5 211.3 212.7 215.7 216.1 216.2 217.1 219.7 224.3 238.8 239.1 260.4 260.8 263.5 266.1 266.2 276.1 276.7 284.0 286.0 295.2 299.8 
204.5 206.6 208.0 213.2 214.7 215.4 217.3 218.4 218.6 218.7 222.0 225.7 227.2 228.1 232.9 236.3 237.4 247.1 257.4 258.9 261.8 266.5 269.9 272.9 285.6 287.5 287.9 288.1 289.3 291.3 292.1 295.0 299.0 
202.6 203.8 212.1 213.3 216.3 216.9 218.4 220.5 222.8 228.6 237.0 238.1 238.7 239.6 241.6 245.7 248.6 249.1 249.7 252.6 255.2 255.6 262.5 265.4 278.8 288.7 288.9 289.4 291.6 292.0 293.0 293.3 297.0 

























206.3 215.6 222.4 226.2 227.0 228.5 230.7 233.3 233.6 234.6 234.9 235.5 236.2 238.0 239.9 244.4 245.8 246.0 246.3 256.8 262.1 265.3 266.5 270.7 272.5 274.2 275.8 276.1 277.0 278.0 279.4 281.7 281.8 285.4 293.4 
202.4 205.0 207.4 207.7 209.3 210.3 212.2 213.0 213.1 216.6 217.0 220.0 224.1 225.2 225.4 226.5 229.7 230.2 230.7 231.2 233.4 233.7 241.2 243.8 246.8 251.3 254.3 257.4 259.4 262.7 263.9 266.7 267.2 274.3 281.0 281.5 281.7 283.2 284.8 292.7 295.3 296.5 297.2 298.5 299.7 
203.3 207.2 211.3 217.7 225.3 230.6 235.7 237.7 244.6 253.2 262.4 267.3 268.6 280.5 282.6 286.1 
























229.3 239.1 258.1 
202.0 204.2 207.2 209.8 211.6 212.7 214.7 217.2 219.6 219.9 220.9 223.3 227.0 228.7 230.5 232.0 236.0 236.6 241.1 243.9 245.2 247.8 248.6 248.8 249.1 249.3 249.7 250.3 250.4 254.5 254.9 259.1 260.4 264.7 268.9 269.9 271.5 280.9 282.2 286.7 290.8 292.9 293.6 295.4 297.0 298.1 
205.9 215.0 215.8 224.0 224.8 225.9 227.8 228.0 228.3 228.5 228.7 233.5 233.9 234.3 235.2 243.2 251.8 255.4 255.9 259.0 263.4 269.3 270.1 274.3 274.7 278.6 280.4 281.6 284.2 284.4 285.0 285.6 288.0 298.9 299.2 

























202.2 209.9 215.0 215.8 222.9 225.3 226.2 228.1 236.2 236.5 249.8 255.9 256.4 258.1 265.9 276.9 284.1 287.7 295.6 296.5 299.8 
201.7 201.8 201.9 202.2 206.3 206.7 208.4 208.7 210.2 210.6 213.0 213.7 218.9 221.4 223.3 226.3 230.9 233.7 237.5 238.3 241.2 241.8 243.8 244.2 244.4 246.3 248.0 248.1 250.3 251.0 251.7 253.5 253.9 264.9 266.2 267.1 267.5 267.6 269.0 269.6 273.1 277.6 283.2 283.6 288.0 291.7 293.9 298.5 
202.6 213.6 214.6 215.1 222.0 224.4 226.8 229.0 229.7 234.9 235.9 239.7 241.7 242.1 242.5 242.9 250.5 263.0 267.6 268.6 270.7 272.2 279.8 287.3 287.7 292.4 297.2 298.2 

























201.7 202.0 202.2 205.8 207.2 211.6 214.2 220.6 220.8 221.8 225.5 228.5 229.0 229.6 230.2 230.3 234.2 235.3 236.1 238.0 248.7 254.4 254.7 258.3 260.1 266.6 267.1 270.0 271.1 276.0 280.5 287.8 291.4 296.6 297.9 
201.1 202.5 203.2 208.0 210.1 211.2 212.3 213.3 217.3 218.1 220.1 224.8 229.8 231.0 231.9 234.3 238.5 238.8 239.5 243.2 246.6 248.1 249.9 252.6 254.6 256.9 259.8 261.3 261.9 266.6 267.2 267.4 268.8 270.0 271.1 272.2 275.5 279.7 284.1 285.6 286.2 286.5 287.8 287.9 290.0 292.5 294.5 295.8 297.8 
205.3 208.7 210.6 210.8 212.4 222.2 224.2 227.7 232.2 232.6 241.7 245.7 253.6 261.0 266.6 266.9 267.3 272.8 276.7 276.8 285.1 289.1 298.1 

























200.4 206.9 208.7 209.3 212.2 212.3 212.9 213.4 213.8 216.0 216.3 217.0 219.2 220.7 221.1 222.9 224.4 225.0 226.1 228.9 231.5 235.3 235.4 235.9 245.0 245.7 250.7 251.8 255.2 257.5 261.5 263.1 267.5 268.7 269.2 271.9 272.2 273.1 276.3 277.5 277.7 278.6 278.7 280.5 280.8 281.3 283.5 286.3 286.7 289.4 291.0 291.1 291.4 292.8 293.4 298.1 
201.3 203.7 204.1 204.6 204.8 208.1 208.9 210.0 211.2 214.3 214.4 215.3 218.9 220.1 221.8 222.2 225.5 226.5 228.7 231.5 232.2 234.0 234.2 234.6 234.7 234.8 234.9 242.9 247.5 247.8 250.3 251.0 253.1 254.6 255.1 255.5 257.9 258.5 260.8 262.2 262.7 262.8 265.2 268.4 269.2 272.8 275.4 276.5 279.1 279.3 280.5 285.6 286.8 290.3 291.1 293.1 293.9 296.8 297.6 299.2 
211.4 214.9 215.4 217.5 224.5 229.0 231.2 239.4 240.2 240.8 247.2 259.4 259.5 262.8 263.3 269.9 272.4 281.7 
























202.0 217.1 223.8 234.2 250.6 257.3 287.3 291.1 297.5 
201.2 202.2 207.0 211.8 213.9 214.5 216.6 217.1 218.1 218.6 226.0 226.9 230.3 232.4 233.3 234.3 234.7 235.7 235.9 237.6 238.5 238.7 241.4 245.6 248.0 250.6 252.0 252.2 252.7 254.0 254.1 254.2 257.1 266.8 267.1 271.0 274.0 274.6 275.6 278.2 283.7 284.1 284.2 285.1 286.2 295.1 296.1 298.8 
204.0 206.5 206.7 211.7 213.0 216.4 216.6 218.0 218.8 219.4 220.2 221.6 222.1 222.7 222.9 226.3 228.3 230.1 232.8 233.8 234.7 238.5 239.8 244.4 245.1 246.8 250.5 252.4 253.2 256.9 257.1 257.5 265.2 265.9 266.5 267.3 271.4 275.6 277.6 278.6 283.9 285.7 286.1 286.9 288.1 288.6 288.9 291.3 291.6 296.3 296.4 
214.9 217.2 226.0 227.3 235.3 258.8 272.5 286.4 286.6 292.6 
























206.8 209.7 214.1 220.7 222.1 224.8 229.2 232.5 234.6 238.5 243.5 245.6 247.1 247.6 248.1 250.2 251.4 255.9 259.5 260.0 272.3 273.7 275.1 278.9 279.7 284.9 285.1 298.3 
201.0 205.0 206.5 207.4 209.6 210.5 212.0 215.1 215.9 216.0 219.3 221.9 223.1 224.7 225.0 225.9 227.7 228.1 229.6 234.7 234.8 235.7 236.8 237.8 238.3 240.1 241.6 241.9 246.5 247.0 247.7 249.4 250.2 251.0 251.8 252.0 256.0 260.0 260.7 263.1 264.2 266.9 267.1 269.5 270.2 276.2 277.0 282.4 288.4 288.7 288.8 289.7 291.3 293.6 296.1 299.9 
204.8 204.9 218.0 219.5 220.2 220.9 221.8 222.1 223.0 223.3 223.6 228.7 231.1 231.4 241.4 243.6 245.8 246.4 249.1 250.0 250.3 254.0 256.7 257.6 260.4 261.7 268.3 269.2 272.7 276.3 281.3 281.6 285.7 288.2 291.3 296.9 297.3 298.8 299.1 299.7 
























225.4 280.3 281.5 
200.4 204.1 205.3 207.4 208.8 213.6 215.4 216.0 218.4 220.9 232.3 235.0 238.5 239.9 243.1 244.5 246.2 246.4 246.5 246.7 247.9 250.8 251.9 252.7 253.7 253.8 255.7 259.5 261.9 266.5 268.5 273.6 278.0 278.5 280.2 282.2 286.9 291.5 292.6 293.5 294.7 
201.9 206.5 209.7 221.3 223.3 224.7 226.7 228.5 228.7 230.9 233.9 234.9 237.3 239.1 244.4 246.5 255.4 257.0 259.5 260.5 265.3 268.8 270.0 272.0 275.4 276.7 276.9 279.8 280.2 281.8 283.8 284.0 288.6 290.5 292.6 293.3 293.5 295.6 299.6 
204.1 205.6 208.5 209.6 211.9 212.1 218.8 220.2 225.0 225.6 229.5 233.5 241.2 242.8 245.8 248.0 253.3 259.4 262.0 264.0 265.0 266.3 274.4 275.0 277.4 289.5 290.8 292.2 296.2 299.6 

























204.3 208.5 210.8 216.6 217.0 220.2 221.1 222.1 223.1 223.6 225.3 229.1 229.9 233.3 233.7 242.2 247.3 254.8 255.8 256.0 256.4 258.8 261.8 262.4 267.8 272.1 279.7 280.7 281.0 281.6 282.0 288.6 290.6 291.2 292.6 298.9 
200.0 200.8 202.1 203.5 206.7 207.6 208.3 214.7 216.2 218.5 221.8 223.4 224.4 225.6 226.3 227.8 231.9 234.2 236.9 237.7 239.6 241.5 245.2 248.5 249.3 251.6 252.0 258.1 259.6 263.6 264.5 266.6 273.7 279.1 282.3 295.6 
225.6 






























































































































