784





























































































































1407.8 1409.8 1412.3 1421.7 1424.4 1426.6 1428.8 1432.6 1436.9 1437.9 1440.9 1461.6 1468.9 1471.2 1482.4 1487.2 1487.3 1497.8 
1405.4 1406.8 1407.3 1411.3 1411.8 1412.4 1419.7 1421.2 1421.3 1422.7 1423.4 1426.1 1426.3 1426.9 1430.1 1431.0 1431.5 1432.7 1435.2 1437.4 1440.0 1445.6 1449.5 1450.3 1451.5 1452.5 1458.0 1459.5 1462.4 1464.1 1466.0 1467.4 1467.6 1468.9 1469.8 1471.9 1473.8 1476.7 1477.4 1477.6 1478.3 1479.0 1479.1 1480.5 1483.8 1485.8 1487.9 1488.7 1491.0 1491.1 1495.2 1496.2 
1404.3 1405.3 1407.3 1407.6 1408.8 1415.8 1418.0 1423.6 1424.2 1427.9 1430.6 1430.7 1435.1 1435.4 1437.9 1442.9 1443.7 1446.2 1446.6 1450.9 1455.8 1457.8 1460.9 1462.6 1468.7 1469.0 1470.4 1475.0 1476.2 1478.8 1479.3 1480.6 1486.1 1488.4 1491.4 1492.0 1499.7 

























1401.0 1401.3 1403.1 1407.7 1410.8 1413.8 1421.2 1422.3 1423.6 1424.7 1426.5 1427.0 1430.9 1435.1 1436.1 1439.9 1440.2 1441.3 1441.4 1441.8 1442.8 1447.1 1447.2 1448.6 1451.2 1455.1 1457.7 1459.3 1459.9 1460.2 1460.8 1468.8 1468.9 1472.3 1473.4 1474.4 1478.6 1478.9 1480.3 1481.5 1485.2 1486.4 1492.1 1498.1 
1408.9 1411.6 1413.0 1413.2 1413.7 1415.1 1417.6 1422.1 1429.5 1430.4 1436.9 1437.0 1439.4 1446.5 1448.8 1449.0 1456.3 1457.6 1466.4 1467.0 1468.2 1469.8 1474.9 1476.2 1478.4 1480.3 1489.6 1498.1 1498.6 1498.8 
1400.5 1403.4 1403.7 1403.8 1404.4 1406.4 1407.2 1409.0 1409.6 1411.0 1413.3 1417.9 1418.8 1421.9 1428.6 1429.0 1429.4 1429.5 1432.3 1432.6 1435.9 1436.9 1437.7 1438.9 1440.6 1441.9 1446.1 1448.3 1450.5 1450.8 1451.1 1454.7 1465.1 1467.9 1470.4 1473.9 1474.5 1474.8 1475.1 1475.2 1477.1 1480.4 1487.8 1489.9 1490.2 1492.3 1496.6 1497.8 1498.0 1499.6 1499.7 
1400.4 1405.8 1410.9 1411.6 1420.4 1427.7 1435.8 1459.4 1460.4 1462.4 1468.2 1468.3 
























1403.5 1403.6 1405.2 1408.8 1411.5 1413.3 1415.1 1420.5 1421.0 1421.4 1422.3 1422.8 1425.4 1429.0 1433.2 1436.9 1441.3 1442.0 1442.6 1444.1 1444.6 1446.8 1449.2 1450.4 1450.5 1451.9 1453.6 1455.0 1459.9 1468.7 1470.8 1474.2 1474.7 1477.2 1479.3 1479.6 1485.6 1486.9 1489.9 1495.7 1496.3 1497.7 1499.0 
1404.7 1406.1 1412.7 1413.4 1416.9 1417.9 1418.0 1419.4 1422.0 1423.5 1424.2 1426.9 1432.5 1435.5 1436.4 1445.6 1446.0 1450.4 1451.9 1454.9 1457.6 1461.0 1462.0 1462.2 1463.5 1465.1 1467.6 1470.1 1470.2 1472.1 1472.2 1476.4 1480.5 1481.3 1484.6 1487.9 1488.7 1489.8 1490.5 1491.0 1491.6 1492.1 1495.5 
1400.1 1401.1 1402.9 1406.7 1406.8 1410.0 1414.5 1415.2 1416.3 1418.5 1421.7 1421.8 1423.3 1425.1 1425.9 1426.2 1427.1 1427.2 1427.3 1432.2 1435.1 1439.4 1439.8 1441.0 1441.1 1444.5 1445.4 1446.9 1447.0 1452.1 1459.6 1460.6 1464.3 1469.1 1469.3 1470.0 1470.1 1471.0 1478.2 1478.4 1479.0 1479.1 1480.8 1481.8 1486.7 1491.0 1492.3 
1401.7 1403.3 1406.8 1407.3 1411.7 1432.0 1433.9 1434.4 1437.1 1445.2 1463.0 1463.5 1464.1 1465.3 1468.4 1478.9 1480.6 1483.9 1485.2 1487.7 1488.3 1489.0 1489.4 1490.9 1492.7 1494.9 1495.0 
























1401.2 1403.7 1404.9 1406.0 1407.3 1407.7 1411.9 1413.2 1415.3 1416.6 1416.9 1419.7 1420.4 1420.7 1421.1 1423.0 1428.7 1429.4 1434.1 1434.8 1439.6 1446.6 1451.3 1451.4 1452.1 1453.8 1456.0 1457.6 1458.5 1459.2 1459.7 1461.8 1463.5 1463.7 1466.3 1469.8 1471.0 1471.8 1473.6 1473.8 1476.3 1478.4 1479.2 1479.8 1484.1 1484.5 1486.4 1486.5 1490.5 1490.8 1493.9 1495.0 1495.1 1497.8 1498.3 1499.5 
1403.3 1410.3 1410.6 1417.1 1418.1 1423.0 1423.2 1425.8 1426.7 1427.3 1429.1 1430.3 1430.6 1431.2 1436.8 1437.0 1438.1 1438.3 1438.9 1439.4 1440.9 1442.5 1443.2 1449.7 1450.1 1460.4 1463.9 1465.1 1470.2 1472.0 1474.7 1478.5 1480.6 1481.3 1486.2 1486.6 1488.0 1494.3 1496.2 1497.2 1497.8 1498.9 1499.7 
1402.8 1404.4 1405.0 1406.1 1408.0 1408.5 1409.7 1410.0 1410.9 1411.1 1412.5 1414.4 1423.8 1426.9 1427.8 1430.9 1435.5 1436.0 1437.2 1437.3 1438.6 1444.7 1448.1 1451.4 1451.8 1452.7 1454.3 1456.2 1456.4 1457.1 1458.6 1459.1 1461.7 1466.4 1470.0 1470.5 1471.6 1472.8 1473.0 1475.7 1476.0 1478.6 1478.8 1479.5 1480.3 1481.7 1482.3 1487.7 1488.5 1490.6 1493.7 1494.2 1494.7 1495.1 1497.4 1497.5 1497.6 1498.7 1499.6 

























1401.2 1403.7 1406.4 1408.2 1412.8 1414.2 1423.5 1426.6 1428.7 1433.9 1434.0 1440.1 1440.6 1440.9 1447.4 1448.6 1448.8 1449.0 1449.1 1453.0 1453.9 1455.1 1455.8 1458.3 1461.4 1461.8 1464.2 1468.0 1468.9 1473.1 1473.2 1474.3 1476.5 1476.9 1477.9 1478.4 1482.5 1483.7 1486.0 1493.9 1495.8 1496.8 1497.5 1499.3 
1400.4 1401.2 1401.4 1402.6 1404.9 1408.4 1413.1 1418.4 1419.9 1420.8 1421.7 1422.0 1422.9 1423.0 1423.2 1425.1 1427.6 1428.2 1433.1 1433.3 1434.7 1434.8 1440.7 1442.8 1443.2 1445.9 1449.6 1450.9 1456.0 1456.3 1457.0 1457.2 1457.3 1460.1 1461.0 1466.5 1470.2 1471.2 1471.8 1472.7 1476.0 1480.0 1480.9 1482.9 1483.7 1484.9 1485.3 1486.9 1488.0 1493.3 1493.7 1493.8 1498.5 1499.6 
1402.1 1405.4 1412.9 1414.0 1414.1 1415.6 1416.5 1417.8 1419.0 1425.5 1428.1 1433.7 1438.2 1442.4 1447.6 1449.0 1454.6 1457.6 1458.8 1460.5 1462.2 1467.1 1471.3 1478.9 1485.0 1488.2 1491.2 1493.1 1493.8 1499.9 

























1404.2 1404.6 1407.5 1409.8 1418.4 1427.1 1442.2 1451.3 1453.7 1455.0 1468.2 1470.1 1472.5 1475.3 1476.3 1480.6 1481.6 1482.9 1484.1 1489.8 1491.0 1491.9 1497.6 
1402.2 1405.0 1407.8 1412.8 1414.8 1414.9 1418.0 1420.2 1422.1 1422.2 1422.5 1424.2 1432.5 1432.7 1439.1 1441.3 1442.7 1444.0 1445.6 1453.6 1455.2 1460.6 1463.0 1467.0 1470.2 1470.4 1472.6 1473.2 1475.4 1476.3 1478.0 1478.6 1480.8 1486.0 1491.0 1492.5 1494.3 1499.0 
1400.7 1401.2 1402.8 1407.2 1407.5 1407.7 1408.1 1412.3 1413.1 1413.5 1415.2 1415.3 1416.3 1418.2 1418.4 1420.6 1420.8 1421.9 1422.0 1422.5 1423.3 1424.4 1428.1 1428.7 1429.6 1429.8 1430.3 1430.6 1437.4 1438.2 1440.7 1446.1 1451.5 1452.0 1454.8 1455.4 1462.6 1465.6 1466.0 1466.8 1469.6 1470.0 1476.6 1483.5 1484.5 1486.2 1486.3 1487.4 1487.8 1488.1 1491.7 1492.0 1493.1 1493.3 1494.2 
1406.5 1414.4 1415.9 1424.6 1426.8 1428.9 1431.6 1438.5 1440.7 1443.7 1444.0 1459.4 1460.0 1461.6 1463.3 1466.9 1467.5 1470.9 1473.6 1478.7 1482.1 1482.5 1483.6 1484.1 1496.7 1498.8 
























1400.3 1403.8 1404.4 1409.9 1410.2 1411.0 1412.2 1412.5 1417.7 1419.7 1421.6 1422.5 1428.1 1428.5 1435.9 1439.5 1441.0 1447.1 1447.6 1448.8 1450.0 1453.8 1456.7 1458.2 1458.5 1458.9 1459.1 1462.3 1462.4 1462.8 1464.4 1465.8 1467.1 1467.3 1473.2 1477.7 1478.4 1482.4 1484.6 1485.7 1487.5 1488.3 1493.3 1494.0 1496.8 1497.1 1499.7 1499.8 
1404.1 1407.9 1411.9 1413.7 1418.6 1419.1 1419.8 1420.3 1421.5 1422.2 1424.2 1428.0 1431.3 1432.8 1433.4 1433.7 1436.8 1438.3 1439.5 1440.6 1440.7 1441.0 1443.0 1444.0 1445.0 1446.1 1446.5 1450.1 1450.7 1453.8 1453.9 1458.8 1459.5 1466.1 1466.3 1467.2 1473.8 1475.8 1476.7 1477.2 1484.9 1486.0 1487.8 1490.0 1498.1 1499.4 
1400.6 1402.9 1406.2 1407.7 1412.7 1413.2 1416.1 1418.2 1420.1 1427.0 1428.9 1429.3 1436.5 1439.2 1441.5 1442.0 1442.9 1445.5 1445.7 1447.7 1452.2 1452.5 1457.1 1458.0 1458.2 1459.4 1463.8 1467.1 1468.0 1469.3 1473.8 1475.8 1482.2 1483.0 1484.1 1487.3 1492.8 1496.7 1497.3 1499.2 
1406.4 1406.6 1410.3 1424.9 1427.4 1429.4 1432.9 1433.6 1433.8 1434.2 1435.1 1447.2 1449.6 1451.9 1463.2 1467.2 1469.2 1470.7 1471.4 1472.9 1475.8 1476.8 1485.3 1492.7 
























1400.6 1402.8 1407.6 1409.1 1409.3 1409.7 1410.7 1417.1 1422.0 1424.6 1425.5 1429.6 1429.8 1434.0 1437.6 1439.5 1444.9 1446.0 1448.3 1450.9 1451.9 1452.3 1452.5 1454.5 1455.6 1455.9 1457.0 1457.4 1460.3 1462.5 1464.2 1466.5 1468.7 1470.5 1473.2 1476.3 1477.2 1481.1 1481.7 1481.8 1484.6 1484.7 1485.0 1486.9 1489.1 1495.8 
1401.0 1407.0 1407.6 1413.0 1413.9 1416.8 1417.2 1418.0 1419.2 1420.2 1425.4 1429.0 1435.1 1435.4 1435.6 1438.3 1439.0 1440.5 1441.8 1443.5 1444.1 1447.1 1447.3 1448.7 1450.0 1451.0 1451.5 1454.8 1457.3 1460.9 1462.6 1463.3 1464.0 1464.9 1465.5 1466.5 1467.5 1470.9 1472.8 1474.3 1475.6 1476.2 1477.4 1480.5 1481.7 1486.6 1487.1 1491.3 1496.2 1497.9 1498.1 1498.5 
1403.1 1404.2 1404.5 1405.5 1405.9 1413.0 1414.6 1415.5 1417.0 1417.6 1418.1 1419.0 1421.4 1422.1 1422.9 1424.6 1426.4 1427.1 1430.3 1436.4 1438.5 1444.8 1445.3 1447.2 1448.6 1451.4 1451.5 1452.2 1454.2 1459.6 1460.6 1461.2 1461.8 1464.8 1465.8 1466.6 1469.5 1475.3 1475.5 1481.3 1486.8 1487.2 1488.3 1488.4 1492.4 1494.9 1495.6 1496.3 1498.6 
1402.7 1403.8 1407.1 1408.6 1413.3 1415.7 1418.8 1419.6 1427.0 1432.0 1442.7 1449.7 1450.6 1451.1 1455.9 1458.6 1461.6 1475.1 1483.3 1484.9 1489.2 1492.5 1494.1 
























1402.3 1404.1 1406.2 1407.7 1412.1 1413.1 1414.8 1415.3 1417.8 1418.7 1419.3 1422.4 1422.7 1424.4 1425.8 1428.0 1428.5 1430.0 1433.3 1436.7 1437.7 1438.1 1439.3 1440.0 1443.2 1445.8 1447.9 1449.9 1452.0 1452.1 1454.1 1459.2 1460.7 1461.5 1462.0 1470.8 1474.9 1476.1 1480.3 1480.8 1481.9 1482.7 1483.7 1486.0 1488.5 1490.0 1496.0 1496.3 1496.5 1498.3 
1402.3 1404.5 1406.0 1407.5 1409.0 1412.4 1415.5 1415.6 1416.2 1418.9 1420.0 1426.6 1428.2 1429.6 1429.9 1431.0 1431.4 1435.8 1438.3 1442.6 1442.9 1444.6 1444.8 1448.6 1449.0 1449.2 1450.7 1452.0 1452.3 1453.1 1453.7 1454.1 1457.6 1459.5 1459.8 1462.2 1464.8 1465.2 1467.9 1472.1 1473.2 1476.1 1476.2 1476.5 1478.0 1480.4 1480.5 1481.7 1488.9 1490.9 1491.6 1491.8 1498.5 
1400.3 1402.2 1407.8 1408.1 1409.0 1412.5 1413.3 1414.7 1419.2 1422.6 1425.7 1427.3 1428.2 1434.6 1436.7 1438.8 1439.8 1442.0 1446.2 1448.8 1449.3 1452.2 1453.5 1454.4 1457.8 1459.2 1461.1 1461.9 1464.3 1464.9 1466.5 1466.8 1467.1 1467.2 1468.6 1469.8 1470.8 1472.6 1474.8 1476.7 1476.9 1477.4 1480.3 1480.8 1481.5 1481.7 1482.5 1483.3 1483.4 1483.7 1484.7 1487.1 1488.4 1489.0 1491.5 1497.7 1498.7 1499.5 
1401.8 1402.3 1403.2 1408.4 1409.1 1413.1 1415.7 1420.5 1421.5 1425.0 1426.2 1427.3 1431.0 1432.2 1432.7 1432.8 1433.7 1435.0 1437.4 1447.0 1447.3 1448.8 1454.2 1456.3 1461.3 1461.6 1462.2 1463.3 1470.3 1474.1 1474.5 1483.5 1490.6 1498.2 1499.3 
























1401.5 1403.6 1403.7 1407.2 1410.8 1418.0 1418.4 1418.9 1425.6 1430.6 1436.7 1437.0 1437.9 1443.1 1444.6 1444.9 1445.0 1446.6 1449.3 1450.8 1453.4 1455.2 1458.4 1460.3 1463.1 1463.2 1467.2 1467.9 1468.0 1468.8 1470.8 1471.1 1471.7 1473.1 1476.3 1476.8 1477.8 1479.7 1481.6 1482.0 1484.3 1486.0 1487.8 1489.7 1494.7 1494.8 1495.1 1498.7 
1400.3 1401.1 1402.1 1404.0 1405.2 1406.8 1407.0 1407.1 1407.8 1408.0 1411.1 1411.6 1414.0 1415.7 1417.2 1418.4 1419.6 1420.0 1422.5 1422.7 1423.2 1423.4 1424.1 1426.1 1426.4 1427.1 1430.9 1432.2 1436.6 1437.0 1437.5 1441.1 1441.2 1443.5 1445.8 1447.1 1449.5 1454.6 1456.7 1461.8 1462.1 1463.1 1463.5 1468.0 1469.6 1471.9 1473.4 1477.2 1478.5 1481.9 1482.7 1484.7 1485.5 1486.0 1486.3 1486.4 1488.3 1492.1 1496.0 1496.5 1496.6 
1404.0 1408.2 1409.0 1410.3 1411.3 1412.0 1412.1 1412.5 1414.9 1418.9 1419.6 1422.2 1427.4 1429.2 1430.5 1439.0 1441.9 1442.3 1444.2 1445.4 1448.0 1449.0 1450.1 1450.2 1451.0 1451.3 1451.4 1452.6 1455.5 1456.4 1457.9 1460.1 1461.0 1465.8 1470.0 1474.2 1477.8 1479.4 1480.4 1480.8 1482.7 1485.6 1487.9 1490.6 1492.3 1496.6 1497.7 1499.2 
1400.6 1409.3 1414.3 1416.1 1421.6 1422.8 1422.9 1426.4 1427.7 1431.8 1434.4 1446.7 1449.5 1452.7 1457.7 1463.6 1473.5 1474.0 1476.4 1491.9 1492.2 1496.3 
























1400.9 1402.6 1403.0 1408.3 1409.3 1413.8 1414.5 1415.3 1415.9 1419.2 1420.3 1423.5 1427.1 1427.8 1429.8 1431.2 1432.1 1432.8 1433.1 1436.9 1441.5 1442.3 1442.6 1446.6 1450.8 1453.1 1453.4 1456.6 1456.8 1459.3 1460.6 1461.9 1462.3 1464.6 1465.3 1467.7 1468.8 1471.4 1474.0 1476.3 1480.4 1483.3 1484.5 1487.3 1487.7 1491.0 1493.6 1494.8 1495.4 1497.4 1498.1 1499.6 
1401.5 1405.5 1407.0 1407.1 1408.0 1411.7 1412.9 1413.2 1419.3 1420.3 1423.7 1424.1 1426.0 1426.8 1427.2 1430.8 1430.9 1437.4 1438.6 1439.6 1440.7 1445.6 1446.1 1446.4 1450.1 1454.0 1454.8 1456.9 1458.7 1462.4 1463.5 1464.4 1464.7 1466.1 1467.0 1472.7 1476.4 1479.0 1480.8 1480.9 1487.4 1488.1 1488.8 1491.0 1491.7 1492.0 1494.0 1495.6 1498.3 1498.9 
1401.4 1401.7 1403.2 1403.4 1406.8 1407.3 1409.0 1411.2 1416.4 1418.0 1418.4 1418.8 1419.3 1420.3 1424.8 1426.8 1427.7 1429.1 1431.6 1432.9 1442.1 1444.7 1445.4 1446.7 1447.0 1448.7 1452.8 1460.2 1463.4 1463.7 1465.3 1468.1 1469.4 1472.1 1483.3 1486.1 1487.2 1489.0 1490.0 1490.1 1490.5 1491.3 1491.5 1492.0 1499.8 

























1404.5 1407.0 1407.9 1408.3 1408.8 1412.5 1421.2 1422.1 1422.6 1426.0 1426.8 1427.2 1428.1 1429.5 1433.9 1437.8 1439.5 1440.0 1442.2 1451.4 1452.8 1455.8 1457.7 1460.8 1461.1 1464.2 1464.3 1468.9 1471.8 1473.4 1474.1 1474.7 1475.6 1476.3 1480.2 1480.7 1481.7 1483.0 1484.5 1491.4 1492.2 1494.2 1496.2 1498.3 1499.1 
1401.9 1406.8 1409.0 1410.5 1411.2 1413.6 1415.0 1415.1 1415.9 1416.3 1417.2 1417.8 1421.1 1423.1 1434.0 1436.5 1436.8 1440.2 1444.6 1448.7 1449.5 1454.7 1454.8 1457.7 1460.2 1460.4 1461.1 1463.0 1464.5 1466.9 1467.4 1470.4 1477.7 1480.1 1480.5 1482.1 1482.6 1482.8 1484.4 1485.1 1485.3 1488.6 1488.7 1489.4 1489.5 1493.5 1495.5 
1401.1 1402.6 1413.6 1413.8 1414.9 1416.1 1417.4 1421.4 1423.5 1424.5 1425.5 1427.5 1432.5 1432.6 1434.1 1435.4 1439.5 1446.7 1450.3 1452.8 1456.7 1458.2 1460.3 1460.8 1461.1 1461.2 1462.0 1465.0 1465.8 1466.6 1467.6 1467.7 1469.5 1474.3 1475.7 1476.0 1485.6 1492.0 1493.5 1494.0 1495.8 1496.0 1496.4 1496.5 1497.2 1499.0 1499.8 

























1403.3 1403.5 1403.8 1404.7 1404.9 1414.0 1416.3 1416.7 1420.3 1421.5 1422.7 1424.5 1424.9 1426.9 1427.2 1429.6 1432.4 1433.0 1433.6 1437.0 1438.7 1438.9 1443.4 1443.9 1445.3 1446.0 1452.1 1454.3 1454.8 1456.9 1458.0 1461.1 1463.2 1466.5 1468.0 1472.4 1474.8 1478.4 1480.2 1484.2 1484.8 1488.2 1489.0 1498.4 
1400.7 1404.4 1406.4 1406.8 1407.8 1411.2 1411.7 1417.0 1418.2 1418.9 1420.3 1422.4 1424.4 1426.8 1426.9 1428.5 1436.9 1438.3 1438.4 1447.9 1450.3 1453.4 1457.4 1457.8 1461.5 1462.3 1465.4 1468.2 1477.1 1477.3 1478.5 1480.1 1483.2 1483.8 1485.5 1487.2 1488.9 1497.3 1498.2 1498.3 
1405.0 1407.1 1410.6 1412.0 1413.0 1413.9 1415.5 1418.1 1420.2 1420.8 1421.5 1423.9 1424.6 1426.3 1427.8 1429.3 1431.3 1432.8 1433.1 1434.7 1434.9 1438.9 1440.1 1440.9 1441.0 1443.5 1443.9 1447.2 1447.7 1451.9 1452.6 1453.0 1454.4 1457.3 1457.6 1457.7 1459.4 1459.9 1465.5 1470.1 1471.6 1475.3 1475.9 1476.8 1477.3 1479.0 1482.6 1490.6 1492.0 1495.0 1497.3 1499.1 

























1401.5 1402.5 1403.7 1407.1 1409.2 1409.6 1413.6 1415.0 1415.8 1419.9 1421.2 1424.9 1425.1 1425.2 1426.2 1426.4 1428.8 1430.4 1432.7 1433.1 1433.2 1433.7 1434.8 1436.6 1437.6 1441.7 1442.2 1442.6 1446.1 1450.4 1452.0 1452.2 1453.1 1453.2 1453.5 1455.8 1457.4 1460.9 1464.1 1464.8 1467.7 1468.2 1469.4 1470.0 1474.9 1480.5 1481.6 1482.0 1482.3 1486.1 1486.8 1488.3 1490.9 1493.6 1499.6 1499.7 
1407.4 1407.7 1409.9 1410.0 1411.4 1413.1 1416.9 1418.1 1418.7 1419.5 1420.7 1422.9 1423.4 1430.5 1436.2 1437.9 1438.2 1439.4 1440.5 1442.6 1444.8 1447.4 1449.7 1451.3 1453.3 1454.0 1454.1 1457.8 1458.2 1464.2 1466.5 1466.7 1467.2 1470.7 1471.4 1472.4 1473.1 1481.1 1486.8 1488.7 1489.2 1493.7 1494.4 1496.5 
1405.7 1411.6 1412.8 1413.5 1416.9 1420.8 1422.4 1424.3 1428.9 1430.6 1431.0 1433.7 1434.3 1437.6 1439.8 1440.9 1442.5 1444.6 1446.0 1447.1 1447.6 1451.4 1454.4 1461.6 1463.9 1464.1 1464.4 1466.9 1467.7 1468.6 1469.5 1470.3 1472.3 1472.5 1479.4 1481.3 1481.4 1482.7 1483.0 1486.5 1489.1 1490.4 1492.5 1494.1 1495.1 

























1405.7 1406.0 1412.9 1414.7 1417.0 1419.7 1419.9 1420.2 1422.3 1424.1 1424.6 1425.4 1428.2 1431.2 1434.6 1437.9 1438.2 1440.4 1443.9 1448.1 1452.4 1464.9 1465.3 1467.0 1473.3 1473.6 1478.3 1481.6 1482.2 1486.4 1489.9 1494.6 
1400.7 1407.7 1408.1 1414.9 1416.9 1420.1 1424.7 1425.1 1427.3 1428.9 1430.1 1431.8 1433.7 1434.3 1435.9 1436.7 1438.3 1440.9 1441.3 1448.5 1450.6 1454.8 1456.0 1457.9 1462.5 1463.2 1464.4 1473.1 1474.3 1474.9 1475.2 1476.4 1483.1 1485.0 1487.2 1487.9 1492.4 1493.6 1493.8 1493.9 1494.4 1499.8 
1401.1 1401.5 1405.4 1406.3 1407.4 1409.1 1411.7 1413.8 1414.5 1416.6 1419.5 1422.1 1422.3 1423.4 1423.5 1424.9 1425.0 1426.7 1427.5 1428.2 1430.0 1432.3 1433.8 1435.4 1438.6 1438.7 1439.4 1441.0 1442.8 1445.4 1448.1 1449.1 1450.1 1451.1 1454.2 1454.4 1455.4 1459.4 1459.9 1460.6 1462.3 1465.5 1466.2 1470.8 1474.5 1477.4 1478.1 1478.2 1478.6 1479.8 1485.3 1487.0 1491.0 1492.6 1494.4 1494.6 1494.7 1495.3 1496.3 1496.8 1498.2 1499.7 
1400.6 1404.7 1411.2 1411.6 1418.7 1419.4 1419.6 1420.7 1427.2 1428.4 1430.6 1434.1 1434.3 1435.3 1437.1 1439.0 1441.9 1442.2 1448.5 1456.0 1463.5 1464.0 1471.9 1472.5 1473.1 1475.4 1483.0 1484.7 1495.2 
























1405.4 1408.8 1408.9 1410.8 1411.0 1411.6 1412.5 1412.7 1415.0 1418.8 1421.4 1422.9 1423.7 1426.5 1427.2 1427.9 1430.5 1433.2 1434.0 1436.6 1437.4 1438.2 1442.5 1446.4 1449.0 1449.3 1453.1 1457.3 1458.0 1462.7 1463.1 1464.8 1465.4 1470.4 1471.1 1472.6 1473.8 1475.6 1476.7 1476.8 1479.8 1480.3 1481.0 1491.8 1494.3 1495.1 1499.5 
1401.1 1402.4 1407.8 1411.8 1413.7 1415.6 1416.6 1418.4 1421.2 1422.3 1423.4 1425.2 1425.9 1428.0 1431.5 1431.6 1432.7 1437.0 1438.8 1438.9 1439.8 1439.9 1442.4 1446.8 1451.5 1452.4 1456.4 1469.5 1473.1 1479.4 1482.9 1483.2 1486.3 1486.7 1487.8 1489.2 1492.1 1494.4 1497.6 1498.2 
1400.3 1403.5 1404.0 1407.8 1410.4 1412.3 1414.2 1414.8 1420.5 1421.9 1425.7 1426.0 1429.6 1432.1 1433.0 1433.4 1436.0 1440.3 1444.0 1445.7 1447.2 1450.1 1451.9 1460.8 1461.3 1461.8 1462.4 1464.8 1465.7 1470.8 1471.8 1473.2 1477.8 1478.2 1481.4 1482.5 1483.0 1487.0 1488.8 1489.1 1489.5 1490.0 1490.3 1492.5 1492.8 1494.4 1497.0 1497.5 1498.9 1499.6 
1406.0 1420.0 1420.1 1421.0 1423.4 1424.2 1425.0 1431.6 1432.7 1451.3 1455.3 1460.3 1469.3 1473.7 1474.1 1479.3 1481.2 1481.8 1482.2 1482.7 1484.2 1487.6 1488.9 1496.5 1499.7 























1406.3 1436.2 1437.9 1439.5 1441.0 1447.9 1452.7 1469.1 1473.7 1478.0 1479.1 1485.3 
1401.4 1402.3 1402.6 1404.5 1406.7 1409.2 1422.1 1427.4 1427.5 1428.7 1430.6 1433.3 1434.4 1437.4 1438.2 1445.1 1446.3 1449.5 1450.4 1451.4 1452.4 1463.4 1463.8 1464.0 1464.1 1464.7 1465.4 1465.8 1466.0 1470.0 1473.4 1474.4 1487.5 1493.1 1493.8 1494.8 1495.7 1496.4 1496.8 1499.3 1499.8 
1400.0 1400.2 1401.7 1402.8 1408.3 1410.4 1420.0 1421.6 1426.1 1426.7 1427.3 1428.0 1428.4 1428.9 1431.7 1434.1 1434.2 1434.8 1435.7 1437.1 1440.1 1443.7 1448.2 1453.9 1454.3 1456.5 1458.5 1460.9 1465.4 1470.2 1473.0 1473.2 1476.7 1480.9 1485.0 1486.5 1487.8 1491.7 1494.0 1494.9 1497.4 1497.6 1498.7 1499.0 
1400.2 1400.3 1400.9 1401.3 1401.8 1403.2 1407.4 1407.8 1409.3 1416.1 1417.0 1418.7 1420.8 1422.4 1422.6 1423.2 1427.3 1428.8 1434.6 1438.7 1442.9 1443.9 1444.6 1450.8 1453.4 1455.6 1456.3 1458.8 1462.7 1466.7 1468.7 1469.1 1469.5 1473.9 1476.1 1477.7 1482.7 1483.5 1484.6 1485.2 1486.4 1486.6 1487.4 1488.2 1489.9 1497.8 1499.9 
1400.0 1408.3 1411.8 1413.4 1420.6 1422.6 1423.7 1424.1 1428.3 1428.7 1431.8 1432.3 1438.4 1439.1 1442.3 1444.7 1445.6 1445.8 1459.4 1465.2 1468.8 1477.1 1486.8 1487.8 1493.7 























1402.0 1402.7 1404.4 1404.5 1406.0 1406.6 1406.9 1407.8 1415.1 1427.1 1429.9 1435.5 1436.5 1437.8 1439.2 1440.9 1442.9 1448.5 1453.3 1458.6 1466.6 1473.4 1477.1 1477.9 1479.9 1485.0 1494.8 1497.2 
1403.1 1409.6 1411.5 1411.6 1413.1 1415.2 1419.7 1425.2 1425.9 1426.7 1427.1 1428.1 1428.4 1428.7 1430.9 1431.4 1434.7 1437.2 1439.6 1440.5 1442.0 1442.5 1443.5 1444.5 1447.5 1448.4 1450.8 1451.8 1451.9 1455.2 1455.3 1457.0 1457.5 1458.1 1459.0 1461.7 1462.4 1462.6 1463.0 1464.0 1464.9 1467.8 1470.1 1472.9 1473.4 1477.9 1480.2 1484.0 1489.2 1489.4 1492.2 1492.6 1493.0 1493.5 1494.0 1499.1 1499.7 
1402.3 1403.1 1406.2 1407.7 1408.2 1413.6 1415.1 1417.8 1424.3 1425.8 1427.6 1435.8 1438.4 1438.5 1439.3 1444.1 1444.7 1446.6 1449.4 1451.7 1451.8 1459.8 1465.5 1466.9 1470.6 1472.1 1473.2 1476.7 1477.3 1481.7 1483.0 1483.8 1485.9 1486.9 1488.5 1493.8 1494.7 1496.0 1497.6 1497.9 
1401.8 1403.6 1404.3 1407.0 1408.0 1408.1 1409.7 1411.0 1415.1 1416.6 1419.0 1420.1 1420.4 1424.2 1425.2 1425.4 1425.9 1426.0 1426.5 1433.3 1433.8 1433.9 1435.0 1436.1 1445.8 1449.3 1453.1 1454.2 1454.8 1455.5 1457.8 1459.6 1460.5 1469.6 1472.1 1472.7 1473.8 1474.8 1482.4 1483.5 1488.6 1491.6 1493.0 1498.3 
1406.6 1406.8 1416.7 1420.0 1424.1 1429.9 1430.1 1446.3 1454.1 1455.3 1457.7 1458.9 1460.5 1464.5 1472.1 1474.3 1478.0 1481.4 1483.1 1486.0 1491.8 1497.7 1499.9 






















1405.6 1418.7 1438.1 1461.0 1472.6 1475.2 1479.8 1492.4 1496.6 
1400.2 1404.8 1405.3 1406.8 1411.1 1412.1 1412.3 1414.2 1414.5 1419.6 1423.8 1424.0 1424.6 1426.2 1427.0 1430.4 1431.3 1431.4 1433.3 1433.6 1434.8 1434.9 1435.4 1441.2 1441.3 1441.9 1442.0 1443.5 1446.3 1450.0 1452.8 1455.2 1458.2 1459.0 1459.6 1461.6 1464.7 1466.4 1468.7 1469.1 1470.4 1473.7 1475.2 1475.4 1478.6 1482.3 1485.9 1487.1 1489.4 1489.7 1490.4 1491.0 1495.1 1495.4 
1403.0 1404.4 1405.6 1406.9 1407.0 1407.3 1408.1 1409.4 1410.6 1411.6 1412.6 1414.4 1415.9 1417.4 1418.1 1418.2 1418.5 1418.7 1421.6 1425.1 1425.5 1427.6 1428.2 1429.3 1429.6 1432.5 1435.7 1437.9 1439.4 1443.4 1443.5 1446.0 1448.2 1449.1 1451.2 1451.4 1453.5 1455.8 1457.2 1458.4 1458.9 1460.1 1460.7 1461.3 1464.7 1465.5 1466.1 1467.1 1467.2 1468.0 1470.5 1471.1 1478.4 1479.1 1480.0 1481.2 1481.5 1483.5 1487.4 1489.9 1490.4 1490.9 1494.5 1495.9 
1400.0 1400.2 1401.5 1401.9 1404.5 1407.3 1409.0 1412.1 1415.7 1423.5 1424.9 1426.0 1433.4 1437.3 1438.0 1439.3 1439.6 1440.1 1442.8 1444.9 1445.1 1446.3 1450.9 1455.5 1458.9 1459.9 1460.6 1466.1 1467.7 1467.8 1470.2 1473.8 1473.9 1479.7 1480.0 1481.2 1481.3 1487.8 1490.3 1491.5 1491.6 1492.3 1494.2 1494.4 1494.9 1495.9 1496.0 1497.5 1499.6 
1400.7 1404.3 1407.8 1412.7 1425.8 1451.2 1461.5 1467.8 1468.7 1476.9 1484.6 1485.2 1485.9 1489.6 1492.2 1493.0 1499.7 























1407.8 1421.4 1423.2 1453.0 1460.2 1460.6 1476.4 1483.2 1492.3 
1403.0 1406.7 1407.1 1411.4 1411.9 1414.9 1416.1 1418.3 1418.5 1427.2 1434.3 1436.6 1437.9 1438.0 1442.1 1448.4 1449.1 1452.4 1452.5 1452.6 1454.4 1454.5 1455.1 1455.7 1458.3 1459.6 1459.7 1463.4 1463.7 1472.3 1474.7 1475.2 1475.3 1475.8 1483.6 1484.2 1485.3 1485.6 1495.0 
1400.1 1400.5 1401.2 1412.4 1414.8 1414.9 1419.5 1422.3 1424.5 1425.4 1431.5 1434.6 1435.3 1436.1 1439.2 1439.3 1445.4 1445.6 1448.3 1449.0 1452.2 1454.6 1457.8 1462.8 1463.6 1472.3 1484.2 1490.8 1494.7 1496.7 






























































































































