784

































































































































817.8 828.9 831.0 852.9 870.7 
852.6 861.8 870.0 873.7 879.5 883.9 896.4 
807.6 817.7 836.8 865.2 867.3 868.8 889.0 896.1 
811.1 829.2 848.4 865.1 874.1 
839.4 867.6 868.5 874.5 890.0 
804.2 804.8 806.5 808.2 812.1 812.5 816.4 821.1 827.6 832.3 856.9 865.4 875.4 878.8 883.4 883.7 895.7 
806.4 814.9 824.1 825.5 827.9 831.7 833.5 837.3 841.8 849.3 858.5 878.1 879.7 884.7 888.0 893.7 895.8 
803.5 817.3 820.4 830.3 846.0 846.9 851.0 858.0 862.3 866.1 872.5 878.7 881.2 881.6 


















809.3 818.7 833.4 840.8 848.4 848.7 857.4 864.1 882.2 893.7 
804.3 810.5 810.6 816.3 820.3 821.4 822.6 822.7 822.8 836.7 840.5 843.5 852.2 859.0 872.9 878.9 879.8 883.7 884.8 892.0 898.5 
801.3 808.7 811.3 812.2 812.8 814.5 816.3 817.3 817.5 818.5 822.8 826.5 828.5 829.1 833.7 835.0 836.5 836.7 838.9 841.2 842.6 844.5 847.0 850.4 852.5 854.5 857.8 861.5 863.1 865.5 865.6 873.6 875.6 883.9 884.5 885.6 891.6 896.0 
800.1 801.2 802.0 808.2 814.4 815.0 817.7 819.2 820.9 821.9 822.1 823.9 826.1 828.3 829.9 830.0 834.9 837.5 837.8 839.7 839.8 846.4 849.4 851.3 853.8 855.4 859.5 861.6 864.0 865.2 866.0 868.3 870.0 876.9 881.3 884.3 884.8 887.3 889.8 892.9 895.1 897.2 898.9 899.3 
802.4 803.3 804.2 808.6 809.2 809.8 812.5 816.7 817.1 817.7 819.6 821.0 822.1 823.4 823.8 826.4 827.0 830.1 831.4 831.6 833.9 835.5 843.7 844.7 846.6 847.5 848.4 848.9 849.7 849.8 850.6 850.9 851.0 851.7 853.0 854.0 857.5 859.3 859.4 860.0 861.3 869.3 869.8 874.8 877.0 877.6 879.6 882.3 886.5 886.8 888.8 890.2 891.5 892.5 
800.6 802.0 803.2 803.4 804.5 806.4 806.5 809.5 810.6 811.8 812.1 813.6 816.3 816.8 817.7 820.8 824.5 825.4 829.3 831.3 832.0 833.0 837.0 838.9 839.2 839.9 840.0 840.7 841.9 843.4 847.3 847.6 854.8 856.7 857.4 857.5 858.4 859.5 860.2 862.0 863.5 864.5 872.0 872.2 876.7 877.1 878.7 880.0 882.9 888.4 888.5 888.9 892.9 893.1 895.0 896.0 896.9 897.2 898.9 
801.6 803.4 803.6 805.8 806.1 807.5 810.4 813.8 816.3 816.8 826.1 827.6 830.6 831.2 835.2 836.2 837.8 839.6 841.5 843.2 845.9 852.4 854.3 854.5 857.7 858.0 859.9 860.0 863.3 865.9 872.5 879.5 880.3 886.6 888.8 892.5 892.8 897.5 
801.6 804.7 808.8 812.6 814.0 814.2 815.4 819.8 822.0 826.9 832.3 833.4 834.7 837.1 838.1 838.6 839.4 850.5 851.8 852.1 852.7 855.6 856.2 862.0 862.3 863.7 864.6 866.4 867.8 870.3 871.8 872.4 872.5 877.9 880.4 881.2 882.1 884.7 885.2 885.8 887.9 888.4 889.4 889.8 890.8 891.6 892.5 897.0 
801.9 802.4 803.6 805.1 807.8 810.8 811.3 813.1 816.2 817.0 817.8 818.2 821.0 822.2 823.2 823.7 826.0 826.5 827.3 831.9 832.6 832.9 833.0 833.4 837.6 839.9 842.3 846.9 850.7 851.8 852.4 852.8 853.3 854.6 855.1 855.3 856.9 857.9 859.2 860.3 862.5 867.0 869.8 871.6 874.9 875.2 877.5 879.0 879.7 879.9 880.2 881.3 882.4 886.0 887.2 889.1 890.1 891.4 894.1 
802.2 805.8 808.3 808.7 809.5 809.9 812.2 815.5 816.2 817.9 821.2 825.6 825.7 829.7 830.0 833.1 834.7 836.0 838.4 839.2 840.8 842.1 842.6 845.6 846.2 848.0 853.2 853.6 853.8 855.0 855.7 857.6 862.3 863.8 871.2 871.7 873.8 876.4 876.7 879.8 880.6 883.2 884.6 885.9 895.3 898.0 899.9 















806.4 807.6 824.8 835.0 856.0 
801.1 801.4 802.1 803.5 808.8 808.9 812.2 815.8 820.9 825.8 826.8 829.5 832.3 837.5 838.0 845.3 845.7 854.1 861.1 863.4 865.0 865.1 875.2 879.6 881.6 881.8 882.8 884.1 894.0 895.4 898.3 898.6 
807.7 809.1 811.6 811.8 815.0 815.1 817.5 818.2 818.4 819.6 820.9 823.9 826.4 826.9 829.2 835.2 839.7 842.2 842.8 844.6 850.3 852.5 854.4 855.1 856.2 858.5 860.2 860.8 861.3 862.8 863.4 863.6 864.3 865.3 866.8 867.2 876.3 876.5 879.4 880.1 884.3 889.0 889.3 893.9 895.3 896.1 896.8 896.9 899.2 
800.5 800.9 805.6 806.1 806.6 806.8 809.0 809.3 810.0 811.5 815.0 815.9 818.5 821.1 822.5 822.9 825.0 825.2 825.3 826.6 827.0 827.2 828.0 831.6 832.5 834.9 838.7 839.9 840.7 841.2 844.0 845.6 847.4 849.6 852.1 857.8 863.1 864.0 864.3 865.4 865.9 866.3 867.7 874.7 878.2 883.7 885.6 888.9 889.9 890.9 892.6 895.1 895.4 896.1 896.7 896.9 898.7 
800.6 801.9 804.0 806.5 808.8 809.0 814.4 815.6 820.9 828.6 830.4 831.5 831.6 833.8 833.9 835.2 836.6 839.1 839.6 843.1 843.4 844.8 845.0 845.8 847.4 847.7 848.0 848.7 849.6 852.6 853.4 857.9 859.6 860.2 861.7 862.9 864.5 867.1 868.3 871.0 871.4 873.0 873.2 878.2 880.2 884.3 889.8 890.5 893.3 893.8 897.2 
807.8 808.7 809.9 817.9 818.8 819.5 821.8 821.9 825.0 834.2 837.3 838.1 838.4 844.5 845.1 849.4 850.8 851.5 853.0 855.8 857.1 858.2 861.1 862.6 864.1 864.6 865.4 867.2 868.7 870.3 871.2 872.4 872.7 873.1 873.3 883.2 884.0 887.2 889.3 891.1 891.8 893.2 893.5 898.7 899.5 
802.8 805.4 809.4 810.6 811.0 812.4 814.0 818.9 822.0 822.7 824.4 824.6 829.4 830.7 831.3 839.5 840.7 841.9 843.0 851.0 854.6 856.5 857.0 857.8 860.7 865.4 867.3 867.4 869.8 869.9 870.6 872.0 876.2 876.4 877.9 879.8 882.4 882.6 890.6 893.0 896.8 897.1 899.4 899.6 
801.9 802.6 810.6 815.3 818.8 819.3 820.7 827.3 831.2 832.7 833.2 834.9 835.7 836.5 838.4 840.9 841.7 843.5 844.3 848.8 853.7 854.6 855.5 855.6 856.6 858.2 866.9 868.2 869.1 869.7 871.0 873.2 877.7 879.4 882.9 883.1 885.6 887.1 887.8 890.1 891.9 892.5 893.6 894.5 896.3 898.3 899.8 
800.0 800.9 801.7 803.4 803.6 805.3 806.0 811.1 817.8 819.1 825.0 826.2 826.7 827.7 833.6 834.3 837.3 837.4 838.4 840.7 843.7 843.8 844.5 845.4 847.6 848.3 848.6 851.3 852.3 852.4 855.9 863.2 864.3 868.3 870.3 870.7 877.6 878.3 883.8 884.9 891.4 896.2 898.2 899.9 
800.9 803.2 809.9 810.0 816.8 817.8 820.2 820.7 821.4 821.8 821.9 824.2 825.8 825.9 829.1 829.3 833.9 841.6 842.1 842.4 847.6 851.2 853.0 853.4 853.9 859.2 859.3 860.7 863.1 866.6 874.4 875.5 876.3 878.9 879.8 882.8 883.8 884.3 886.4 887.2 888.4 888.9 892.7 895.2 895.6 896.5 897.2 897.5 898.7 
810.1 815.5 818.9 819.4 819.6 821.4 827.8 829.9 831.4 831.8 838.1 839.4 844.1 850.7 851.6 852.4 853.2 854.0 857.3 857.4 858.8 859.8 866.8 869.2 872.4 872.6 874.4 874.7 875.0 876.5 877.2 877.7 879.3 883.4 884.1 885.3 885.5 888.1 888.4 895.6 896.9 897.6 898.8 
801.1 802.9 804.4 805.4 805.7 806.9 808.0 809.5 810.8 810.9 816.6 818.0 818.7 819.0 820.7 820.8 822.9 824.7 825.2 828.5 829.1 831.1 832.9 837.5 837.8 837.9 842.0 844.2 846.0 847.7 848.2 850.8 855.7 856.0 862.2 862.6 868.4 868.9 869.1 870.3 872.9 879.2 885.8 886.1 886.3 889.8 893.6 896.9 897.0 
800.4 803.1 803.5 807.3 807.4 811.3 814.9 815.5 815.9 816.1 816.2 816.8 817.9 821.8 824.8 825.8 826.4 827.2 829.5 830.6 836.4 836.7 838.2 840.8 841.9 843.2 845.1 846.4 846.8 847.1 850.3 851.4 852.0 860.7 863.7 865.6 866.6 867.5 868.7 869.7 871.2 871.3 872.2 872.4 874.0 874.3 879.3 880.2 882.3 884.7 888.2 889.1 894.6 896.9 897.4 















807.1 818.4 823.6 832.9 834.2 836.1 846.4 848.8 863.2 866.1 869.2 892.4 897.5 
801.6 802.0 803.6 805.9 806.9 809.1 812.8 815.1 817.6 818.0 826.3 826.9 827.0 830.7 831.8 832.4 833.2 834.5 836.6 838.8 840.4 842.2 848.7 850.8 851.2 858.2 859.0 862.7 863.2 864.7 865.8 866.6 870.8 872.9 874.6 877.4 877.6 877.9 878.2 880.0 880.3 882.1 883.1 883.2 886.6 886.9 890.4 892.8 893.2 893.4 893.8 895.3 
801.2 804.5 806.0 808.6 809.7 812.6 815.4 816.0 816.6 817.5 819.4 820.2 820.5 822.1 828.3 831.5 832.1 834.9 835.1 836.7 838.4 840.9 843.8 846.6 848.5 851.1 853.3 853.5 859.4 860.1 860.3 866.6 866.8 867.6 868.4 869.5 872.4 872.7 873.6 876.8 878.8 880.7 883.7 884.7 886.9 889.5 890.2 890.7 892.8 893.4 893.6 894.5 895.6 895.7 898.3 
800.7 804.7 804.8 805.8 806.3 807.7 809.7 811.1 811.9 815.0 816.2 816.6 818.2 818.5 822.2 824.5 826.1 826.4 829.3 829.5 830.4 834.8 835.6 839.1 848.6 850.6 850.8 853.6 858.8 859.9 869.8 871.5 871.9 875.2 875.9 879.1 880.4 886.4 887.3 887.6 888.4 889.9 892.2 893.2 896.2 896.8 896.9 897.0 898.0 
801.1 801.2 804.4 805.2 806.8 811.8 813.4 813.7 818.3 820.1 821.4 827.3 828.5 831.5 834.5 835.8 841.3 841.4 843.9 844.4 847.1 847.7 851.0 854.5 856.8 857.2 858.3 859.7 860.3 860.7 862.0 862.2 863.9 864.1 864.5 865.9 866.5 873.1 873.3 877.2 880.4 883.0 884.9 886.2 886.4 886.8 887.4 888.1 888.7 890.2 890.6 890.8 891.1 893.7 895.8 896.3 897.7 899.1 
800.5 801.8 802.1 802.3 803.0 804.6 806.5 810.0 810.1 816.6 816.7 828.0 828.4 828.7 830.8 831.8 832.0 834.2 835.5 835.7 836.4 836.7 837.6 838.9 840.1 840.8 841.5 845.7 846.0 846.2 849.4 852.8 855.3 859.3 862.4 863.1 863.4 863.9 865.8 868.9 869.9 870.3 871.2 873.1 873.2 874.7 876.7 876.8 878.4 882.1 882.3 887.7 888.0 891.5 892.2 895.3 896.5 
803.2 803.5 804.1 805.9 807.3 808.4 820.0 822.2 827.4 827.7 834.4 837.7 837.8 838.3 838.7 838.9 839.7 842.9 843.6 845.4 845.8 847.1 851.6 852.9 853.0 853.2 854.0 857.8 864.3 865.9 866.7 867.6 872.7 878.7 881.4 882.5 885.2 887.7 889.7 890.0 892.0 892.1 894.5 896.4 
800.9 801.2 803.8 820.7 822.0 822.2 822.5 822.7 823.1 823.4 823.7 825.0 827.4 831.0 834.4 834.7 835.6 841.3 849.1 850.5 851.6 854.5 855.0 857.2 859.4 865.3 865.8 867.0 868.8 870.6 871.2 872.9 878.2 881.5 881.9 885.6 891.7 891.9 897.3 
800.8 801.8 803.0 803.9 806.7 807.0 811.3 812.2 815.0 818.0 821.9 834.4 835.9 837.7 844.6 847.5 847.7 848.4 849.1 850.6 852.5 852.7 860.9 861.5 861.7 867.3 868.8 871.7 876.3 879.3 880.5 886.3 890.6 893.4 897.7 897.9 898.6 898.9 
806.6 808.3 809.3 811.3 816.7 820.6 822.2 825.2 825.4 828.8 835.8 839.1 843.8 846.4 855.4 860.2 871.2 873.6 874.1 875.5 876.8 877.1 877.6 885.8 887.3 891.5 899.4 
801.5 801.9 802.8 807.4 812.8 814.1 817.8 817.9 823.4 823.9 841.8 843.0 843.5 845.6 849.0 853.4 853.7 855.5 859.8 860.6 861.7 864.3 873.0 875.9 877.0 880.2 881.0 884.6 886.4 890.4 897.9 
800.0 803.3 807.3 808.8 815.6 823.7 825.6 827.3 831.1 833.8 836.0 836.3 839.1 843.4 844.9 848.5 853.1 854.2 857.8 860.7 866.6 868.4 869.7 871.3 871.9 873.3 878.3 880.2 880.8 881.8 882.0 886.7 894.0 894.1 896.9 
804.6 811.9 813.0 813.9 814.9 817.3 818.9 821.8 835.2 835.4 837.2 837.7 838.2 838.7 839.2 839.7 842.2 842.5 848.8 852.6 854.2 854.6 855.8 858.5 858.6 858.8 870.4 874.3 883.2 884.5 890.2 











822.9 855.3 
800.4 802.5 807.2 813.1 817.6 819.4 826.5 828.3 831.1 836.3 845.3 848.1 855.6 859.9 862.3 868.2 871.8 872.7 873.0 875.7 877.9 880.3 885.5 890.1 
804.0 804.4 810.0 811.9 812.4 813.1 815.8 820.8 820.9 823.7 842.1 845.7 856.3 857.7 863.2 874.2 875.3 895.0 899.3 

812.9 848.6 849.8 857.4 861.6 863.4 867.2 882.8 884.4 
801.5 804.3 809.6 812.9 817.3 819.2 829.2 830.1 830.4 831.7 833.3 833.9 835.0 846.6 847.8 851.1 851.7 853.9 855.3 858.4 861.4 861.5 862.3 864.1 864.6 867.2 867.4 873.4 875.2 879.9 880.4 880.7 880.8 882.6 882.7 884.9 886.4 887.5 892.5 898.5 
800.3 803.3 808.7 811.4 813.9 814.8 815.0 816.5 818.0 820.0 821.1 821.3 829.3 830.3 831.6 841.0 844.3 846.4 847.5 849.4 853.5 855.6 856.2 859.0 871.3 876.2 877.2 877.7 880.3 881.9 883.8 889.2 890.8 895.7 
805.1 809.5 810.8 813.1 814.0 815.2 819.3 819.8 820.3 822.3 822.7 822.9 823.8 826.8 827.7 835.7 836.3 837.2 838.2 838.5 839.3 840.8 844.8 848.7 851.0 851.9 856.5 857.2 863.2 863.4 865.9 868.5 869.7 871.9 877.7 878.8 879.5 880.6 882.8 885.6 887.6 887.7 890.9 891.5 891.8 893.3 895.8 897.5 899.2 
803.4 804.3 811.4 812.3 812.6 818.2 819.6 820.3 820.7 822.0 822.7 824.2 824.5 825.1 825.5 826.0 828.5 829.7 834.1 836.4 838.4 839.3 843.1 843.4 844.2 845.9 850.5 852.0 854.5 854.8 854.9 856.6 857.0 864.1 865.9 869.1 873.3 873.8 878.6 892.2 896.5 897.8 
806.7 807.1 808.8 817.7 826.8 832.5 837.2 845.2 848.7 851.7 855.0 856.7 861.6 862.7 872.7 874.5 875.4 885.9 886.7 887.2 893.6 895.2 897.9 
803.0 809.0 824.5 824.8 837.0 854.2 874.3 883.0 883.4 893.1 899.2 
801.6 807.3 810.1 811.4 844.5 853.4 
801.7 803.5 813.9 877.1 














841.8 895.3 
801.0 801.6 804.0 807.9 808.6 809.6 812.6 816.8 818.9 820.3 822.3 822.6 823.4 824.0 824.7 825.0 830.7 833.6 835.2 836.1 843.6 844.6 851.7 852.2 853.9 854.2 854.3 856.6 864.1 866.0 866.2 871.0 872.8 873.5 876.0 880.7 883.6 884.8 891.3 893.5 896.0 898.7 899.4 
800.6 802.6 803.6 804.2 805.9 807.7 809.6 817.2 823.1 826.5 826.9 829.3 830.1 832.4 833.0 835.5 835.7 837.5 837.8 838.2 840.2 842.5 845.9 847.1 850.4 851.3 852.8 854.0 854.9 865.3 865.7 867.7 868.3 870.7 872.9 873.4 873.5 878.5 879.9 888.3 889.3 891.8 892.3 893.2 897.0 899.5 
818.4 827.3 828.8 829.3 837.9 852.6 852.9 855.8 856.0 866.0 869.7 872.5 892.2 


810.6 818.5 820.0 825.5 844.8 879.4 898.8 

810.2 815.7 820.8 822.0 826.1 840.6 849.8 850.6 852.1 860.2 864.6 872.4 892.3 
872.8 

















811.3 
800.8 802.7 803.4 804.3 805.7 806.7 807.8 812.9 814.4 820.0 820.8 821.6 830.0 832.0 832.3 835.3 835.5 837.1 837.5 841.2 846.0 852.3 852.5 854.4 854.9 855.6 856.3 859.0 860.3 861.8 862.7 865.8 866.7 867.4 870.2 872.5 881.1 882.9 883.5 888.7 891.1 896.2 
803.6 805.3 807.9 808.4 809.4 810.0 810.5 815.5 815.8 816.9 818.2 820.0 821.7 822.1 827.9 830.7 831.6 833.3 833.4 834.5 835.6 838.3 838.5 839.4 845.2 845.6 845.8 849.1 849.2 850.5 853.3 853.8 857.1 858.0 859.3 860.2 863.3 863.7 865.3 865.4 868.5 871.6 872.1 872.7 873.1 873.2 874.4 875.7 877.4 879.1 879.2 881.0 889.5 890.8 892.4 893.7 898.1 898.4 898.8 
806.8 812.5 815.0 816.5 818.5 820.2 829.3 833.9 835.6 837.8 855.7 856.2 858.8 859.9 861.7 877.2 879.7 883.2 892.7 897.4 
838.1 890.0 






















852.6 875.9 881.3 
805.6 808.5 810.4 817.3 826.3 826.6 829.6 829.7 832.1 833.3 838.1 841.1 845.7 848.2 851.2 851.7 856.5 859.1 861.2 866.4 867.7 873.7 875.0 878.0 882.1 882.5 888.7 
800.9 803.0 803.5 803.8 804.9 812.5 813.4 814.1 814.5 815.8 816.9 818.4 818.8 820.9 821.2 824.4 825.6 829.5 829.8 830.3 832.2 832.3 833.0 833.5 835.2 835.6 835.8 836.7 840.2 841.6 844.6 848.0 849.1 855.5 860.1 860.9 863.1 864.8 865.3 866.2 867.7 868.2 869.3 869.5 869.6 872.6 878.9 879.9 881.1 882.1 884.3 886.6 889.5 890.1 893.2 894.2 897.2 898.7 899.4 
803.1 805.9 807.5 809.7 813.2 819.3 824.6 825.7 830.6 831.0 833.0 833.5 838.3 840.0 841.0 841.8 848.8 849.6 853.4 855.5 858.0 859.9 860.1 861.1 862.7 863.5 868.6 869.3 869.7 871.4 871.6 871.8 872.0 872.7 876.8 883.5 884.1 891.6 893.9 894.6 895.2 899.0 
897.9 























806.5 811.1 811.5 823.2 825.4 830.6 835.5 838.5 844.3 845.8 846.7 847.6 850.5 853.0 854.2 857.2 858.6 864.5 866.2 869.1 872.7 875.0 877.9 882.2 883.2 884.7 898.9 
801.3 801.4 803.8 805.9 806.3 807.3 809.2 810.1 811.0 812.8 816.4 818.5 820.6 821.4 825.1 827.7 829.8 830.0 832.7 837.3 837.9 838.0 839.8 841.6 841.8 841.9 842.6 843.0 851.2 853.3 854.9 860.1 861.5 862.2 862.3 863.7 864.8 866.3 868.3 871.1 872.3 878.2 888.6 891.3 892.8 894.7 895.2 896.0 899.6 
800.9 801.6 802.4 803.9 806.6 810.6 814.0 814.2 817.7 819.6 820.4 820.9 821.2 823.9 830.6 836.2 840.1 841.2 843.2 843.5 844.0 848.2 849.2 849.9 850.3 852.0 854.9 855.4 857.4 859.2 860.4 860.5 860.9 861.9 863.1 864.5 867.5 873.0 877.9 878.6 880.7 891.3 892.6 898.3 898.8 898.9 899.6 
826.5 841.1 855.3 863.4 897.5 
























808.7 810.6 812.9 813.3 813.7 814.1 819.0 836.5 840.7 841.8 843.7 848.6 849.2 849.8 852.4 852.6 853.1 854.3 860.9 863.3 865.4 867.7 867.8 871.1 879.2 888.9 891.6 897.1 899.0 
801.8 805.6 806.9 810.9 813.0 816.3 817.5 817.6 818.7 821.7 822.2 825.4 826.7 829.4 830.6 832.2 832.4 836.4 837.2 840.6 845.6 850.4 851.8 856.1 859.6 862.3 864.1 866.4 867.0 868.2 868.7 869.0 871.8 872.7 876.4 887.8 896.2 
807.2 810.1 817.0 817.7 832.1 834.0 837.5 840.5 840.7 842.5 844.2 845.9 849.2 850.5 853.1 859.1 860.1 869.7 871.6 872.4 879.4 882.5 883.1 885.2 885.5 890.8 890.9 894.9 895.9 896.2 896.5 

























804.3 806.0 806.4 807.6 808.4 809.0 811.3 812.2 816.0 817.6 818.2 818.8 826.7 827.9 828.1 828.7 831.8 833.8 838.7 838.9 839.5 841.2 843.1 844.3 845.5 845.7 847.0 849.0 854.0 855.6 860.4 861.4 863.4 871.3 873.1 873.5 875.7 879.2 879.9 882.4 885.5 887.2 888.2 894.4 
800.7 801.4 804.4 805.6 813.2 814.3 814.7 816.1 816.2 818.3 818.7 819.5 819.6 820.3 820.6 821.1 821.7 826.5 827.7 830.8 831.3 834.5 835.1 835.7 837.5 837.8 841.6 844.2 845.5 847.6 849.5 850.8 851.0 851.8 852.6 852.8 855.6 855.7 863.0 863.6 863.8 864.5 870.2 870.9 872.8 873.2 876.1 877.0 877.3 877.5 880.2 881.6 882.5 884.5 888.3 889.5 890.6 893.3 893.8 897.1 898.5 898.6 
803.6 804.4 804.5 808.4 810.9 811.1 812.4 813.2 813.7 814.7 816.2 816.4 820.9 824.0 824.3 827.0 830.9 832.1 832.7 835.3 835.5 837.0 838.0 838.3 845.9 849.4 854.3 858.7 859.6 859.8 866.7 868.9 871.3 871.7 877.1 881.5 886.2 890.5 892.2 892.8 896.3 896.7 898.7 
801.4 807.2 809.4 810.3 812.6 816.1 825.3 827.7 834.1 841.2 847.0 858.9 871.0 875.2 877.0 880.4 881.5 889.0 891.2 898.1 899.2 
807.6 837.3 849.7 860.9 866.3 869.1 894.7 899.4 























801.4 803.5 804.3 804.4 805.8 806.3 807.2 810.0 811.3 816.2 817.0 817.9 820.2 820.5 827.1 827.6 830.3 830.7 833.2 837.2 839.8 841.3 842.0 846.1 848.8 849.7 851.9 852.6 853.8 857.5 860.4 861.4 862.9 866.2 867.4 868.7 869.1 872.5 876.1 876.8 879.9 882.2 884.4 892.3 892.9 895.6 897.1 899.0 899.8 
803.1 804.4 804.9 807.2 810.7 816.1 816.3 819.3 819.5 822.3 822.9 823.2 824.7 826.3 826.7 827.8 829.2 831.7 832.2 833.7 835.8 837.4 838.2 841.0 841.2 842.5 845.4 850.8 863.0 863.5 864.0 865.6 867.0 869.5 875.8 880.0 881.5 882.7 884.5 885.7 887.0 889.2 892.0 893.5 895.7 899.2 
804.4 806.5 808.1 808.2 808.5 809.6 810.8 811.1 812.0 812.3 814.5 814.9 817.3 820.8 821.7 823.0 824.3 828.1 829.9 831.5 833.0 834.0 834.5 835.9 836.8 838.9 840.7 844.7 847.3 847.6 849.9 851.2 853.4 855.1 856.5 856.7 857.7 859.0 861.9 862.7 863.2 868.0 871.3 874.8 877.9 879.6 879.8 881.0 882.8 888.3 889.8 891.7 893.3 896.4 898.7 
800.4 800.9 803.1 810.5 811.2 815.0 816.9 820.2 822.8 824.9 825.3 827.7 828.0 828.5 833.1 835.0 837.2 841.1 841.5 843.2 844.4 844.6 845.1 845.3 851.4 852.7 854.1 855.1 855.2 856.2 857.5 862.1 862.7 863.7 872.3 874.0 874.5 876.1 876.2 881.1 883.5 884.2 885.0 885.8 886.2 889.4 891.8 894.6 896.3 896.4 897.5 897.7 898.7 
800.4 803.5 809.2 811.0 811.1 813.1 814.9 815.8 818.3 820.0 825.3 829.9 830.6 832.8 833.4 834.0 834.2 835.6 837.8 839.7 841.1 844.1 844.2 844.6 845.3 845.5 846.6 851.0 851.1 852.4 857.7 859.9 865.8 866.2 867.3 869.0 870.7 878.7 878.9 880.6 881.0 882.0 882.5 882.6 882.9 884.5 887.9 890.9 893.6 898.2 898.8 899.4 
805.0 828.6 835.2 837.2 846.1 846.2 853.6 857.4 858.4 861.0 861.9 871.6 874.4 875.3 880.9 883.1 886.7 887.4 887.8 889.1 889.2 890.0 899.2 
800.6 802.7 811.6 812.9 814.3 815.8 818.3 819.7 833.5 836.2 845.9 856.3 870.4 873.6 874.5 876.7 881.8 884.7 886.6 890.8 896.3 899.8 
810.3 811.8 814.0 817.7 818.3 830.7 833.7 837.3 840.3 840.6 844.2 851.4 869.9 873.7 881.8 881.9 888.8 
807.1 812.7 814.1 825.8 842.4 863.3 872.2 884.2 884.9 886.8 889.7 895.7 896.3 
811.1 863.7 866.1 866.2 867.2 872.4 883.0 
802.8 817.4 820.8 850.6 
802.8 816.5 830.4 834.4 838.2 850.0 863.0 867.2 870.2 873.7 879.4 882.8 883.8 887.1 887.8 888.4 897.7 
823.2 849.6 854.2 875.7 















803.6 808.9 810.1 811.8 812.3 813.3 817.4 822.1 825.6 826.1 827.9 828.5 834.4 843.6 846.3 850.1 850.9 855.6 856.2 857.6 862.2 875.9 877.4 878.8 881.7 881.8 882.1 886.7 886.8 890.7 892.9 899.0 
807.3 808.1 808.3 810.4 811.9 813.2 815.2 815.5 816.0 816.3 819.0 824.7 825.8 826.2 829.0 830.3 833.5 838.4 842.0 843.5 844.7 848.4 850.3 850.4 852.7 854.9 855.5 857.4 858.5 859.5 865.9 868.0 871.9 874.7 876.0 876.5 879.0 879.1 879.5 882.3 885.1 892.4 895.5 897.7 897.9 
800.9 802.1 803.8 811.3 812.6 813.9 814.0 820.5 823.3 825.3 825.5 826.8 827.1 827.3 830.3 830.7 832.1 832.6 832.9 834.0 834.6 837.7 838.2 842.5 843.3 846.6 847.3 848.6 848.7 849.3 855.6 856.8 860.9 862.4 864.0 864.4 865.4 866.9 869.7 870.4 874.1 883.6 884.0 891.2 891.6 892.7 899.9 
800.6 801.9 802.5 802.9 804.1 807.1 808.0 810.0 811.0 819.9 820.6 821.8 822.1 822.8 832.7 835.8 843.3 845.6 847.4 848.5 849.1 850.0 853.4 853.6 854.0 856.8 857.1 858.2 858.5 859.6 859.9 861.9 864.7 865.8 866.4 867.0 868.3 868.9 869.3 870.2 875.8 876.5 876.8 878.4 881.2 884.1 884.4 884.5 884.7 888.1 889.8 890.5 895.3 895.4 897.1 897.5 897.6 899.2 
800.6 800.9 802.2 802.8 802.9 806.6 808.3 810.2 811.8 822.8 825.7 826.9 827.4 828.2 829.8 830.6 834.0 834.1 836.4 837.3 847.9 848.8 852.5 854.0 854.3 854.5 856.9 859.5 860.2 860.7 865.0 867.4 867.8 873.7 875.6 876.9 877.2 877.8 880.7 882.6 883.6 886.0 890.8 890.9 894.9 897.5 898.6 
803.6 813.0 814.7 815.8 817.7 818.7 825.3 826.3 828.2 829.4 829.9 830.7 832.5 833.3 834.9 835.7 839.5 840.5 842.7 842.8 843.4 843.7 845.5 849.5 850.3 851.5 851.7 855.6 856.9 857.8 860.1 860.2 862.6 864.2 866.0 868.7 869.0 869.1 871.5 872.2 873.6 876.5 876.9 877.5 881.1 883.7 888.1 889.8 891.3 891.4 892.3 893.2 895.7 895.8 896.6 896.7 899.6 
804.3 804.4 807.8 814.4 815.2 815.4 815.5 817.5 820.1 820.6 821.1 825.3 825.6 832.8 834.0 834.1 836.4 838.3 840.2 841.5 844.0 846.3 847.1 847.6 847.8 848.1 851.9 852.2 852.4 852.7 854.2 855.9 856.8 861.3 862.5 863.2 863.5 866.3 866.8 868.2 870.7 874.8 878.1 883.4 884.0 884.8 886.2 886.5 886.8 887.1 887.4 891.2 894.9 895.5 896.2 897.9 898.9 
801.2 802.4 805.5 809.4 810.4 814.8 816.7 818.0 821.1 822.6 825.0 826.0 826.4 835.3 837.0 842.2 848.0 849.0 852.1 858.0 858.4 860.8 862.3 864.4 867.2 867.9 868.5 870.4 870.6 874.1 874.4 878.0 880.0 880.7 884.3 885.4 885.6 886.7 891.6 892.2 892.9 893.6 895.9 896.5 897.8 898.3 
800.7 802.3 804.6 805.5 806.5 807.1 808.7 809.7 810.3 813.5 815.0 817.7 818.6 818.9 819.0 819.6 819.7 821.8 822.3 823.0 824.1 825.0 827.5 829.5 830.2 844.9 845.3 846.4 848.7 849.0 849.1 851.3 851.7 855.7 856.7 857.8 858.0 859.4 859.9 864.6 866.2 868.5 868.6 868.7 872.9 874.4 877.1 877.3 879.1 879.2 880.5 880.9 886.6 888.4 889.3 889.5 890.5 893.6 894.3 896.4 
800.2 803.0 803.9 804.0 805.0 806.9 809.2 816.1 816.2 816.4 816.5 817.7 818.2 818.4 819.4 820.6 820.8 822.7 831.7 832.8 833.8 834.5 835.0 840.8 842.2 844.1 844.5 845.1 845.3 849.8 849.9 853.2 853.7 855.0 863.1 867.7 868.7 871.2 873.3 873.4 873.9 874.6 874.7 875.4 876.0 877.1 877.4 877.5 877.6 878.7 886.9 890.1 891.2 891.4 896.6 898.6 899.5 
803.4 806.4 807.1 810.9 812.9 815.6 817.4 818.2 822.6 824.8 825.5 825.6 826.9 827.1 827.7 828.5 830.2 830.8 831.2 834.9 835.0 836.0 838.9 840.1 841.4 842.0 843.0 846.9 848.4 854.8 858.9 860.5 868.6 870.4 871.6 873.4 874.6 876.7 877.1 878.1 880.7 888.3 891.6 892.9 895.5 897.0 897.7 
800.0 800.3 801.5 801.8 803.5 805.2 806.5 806.8 807.7 808.9 816.0 816.7 817.5 818.5 823.3 824.7 825.4 825.5 828.2 829.4 836.4 836.7 838.5 838.8 842.2 842.3 842.9 843.7 844.4 845.2 845.9 854.0 855.5 856.7 857.3 857.5 857.9 861.9 864.0 866.8 870.9 874.5 877.5 879.4 881.6 885.0 889.8 892.2 896.6 
810.2 812.1 813.2 815.7 819.5 825.1 827.6 834.1 834.3 837.2 837.3 840.5 842.8 844.2 846.3 847.5 852.5 857.0 857.5 858.4 860.8 867.7 867.9 872.0 872.8 874.7 875.4 876.3 877.7 880.9 888.8 889.7 892.0 
801.8 802.1 807.6 812.2 822.4 827.4 836.8 837.3 838.3 847.3 848.2 855.2 864.9 873.0 873.3 875.8 876.5 876.9 877.3 880.2 885.2 891.0 893.1 894.9 897.9 898.8 















803.3 804.4 835.0 836.5 842.8 857.8 859.2 860.1 873.7 879.0 880.4 889.2 
802.6 804.8 807.6 808.3 809.8 817.7 817.8 820.8 820.9 821.0 822.5 823.8 827.3 834.1 837.6 838.0 844.6 847.2 849.9 852.0 862.1 863.3 871.4 871.6 874.1 876.3 881.9 883.3 888.3 889.6 891.1 895.8 897.3 
800.2 804.0 804.1 807.6 807.7 807.8 808.6 809.4 809.7 811.4 818.7 824.2 825.5 827.5 828.8 829.1 829.8 830.0 832.8 833.6 833.8 841.2 841.5 843.2 852.5 866.0 870.0 872.8 881.6 882.1 882.3 882.7 884.1 884.6 890.9 893.2 893.9 894.1 895.5 896.7 897.2 899.9 
801.9 802.4 805.6 805.9 807.0 809.3 815.7 819.1 821.0 821.5 822.5 822.9 824.1 824.5 825.3 825.8 826.4 826.7 826.9 828.3 832.1 832.9 835.6 835.9 837.0 838.3 846.0 846.6 846.8 847.1 847.3 847.6 847.7 848.4 849.4 849.8 852.3 854.4 855.7 859.2 860.1 861.1 863.8 863.9 867.8 871.9 875.7 877.1 879.5 888.5 891.8 894.0 
801.8 803.9 804.4 805.0 806.1 807.0 807.3 807.4 807.6 811.3 812.3 812.8 814.0 816.5 817.5 819.4 819.8 820.8 822.9 826.1 826.7 828.4 831.0 831.8 832.6 837.5 841.6 846.0 849.2 849.4 852.2 854.5 857.3 857.7 860.9 862.2 864.2 865.7 866.4 866.5 866.6 867.5 868.2 872.7 878.8 878.9 879.7 882.4 884.8 885.5 888.3 890.9 891.6 895.3 895.8 896.9 897.6 
801.8 807.4 807.9 808.3 809.3 811.0 815.9 816.1 819.7 825.1 826.5 833.5 837.7 840.5 842.4 844.6 846.7 847.2 848.0 848.5 849.2 849.9 850.0 856.8 857.8 861.0 869.4 869.5 872.1 872.2 874.1 875.3 877.9 879.7 881.0 881.8 882.7 888.8 891.0 892.7 895.6 896.7 898.0 899.5 
801.2 806.2 807.4 807.9 811.9 812.0 814.8 815.8 816.3 820.2 820.4 823.4 823.9 827.3 827.6 830.8 833.3 836.5 839.6 839.7 842.7 843.8 844.0 846.6 849.8 850.7 853.4 856.9 858.9 865.7 869.0 869.2 870.3 872.2 873.1 875.6 880.0 883.3 885.1 886.0 886.5 887.7 888.1 890.9 891.6 892.9 894.7 895.6 896.8 897.9 898.4 
806.2 809.2 809.9 810.8 811.8 815.3 818.4 821.5 822.3 823.7 824.2 826.9 828.6 830.9 834.6 834.7 835.5 846.1 846.9 848.3 848.7 849.5 854.4 855.1 867.4 869.2 870.4 872.3 875.1 876.2 879.6 880.4 886.4 889.7 890.3 892.8 894.4 
800.7 802.3 804.4 805.0 811.1 812.4 815.2 820.9 821.3 826.8 828.6 832.3 833.1 833.8 838.0 842.3 845.6 849.0 852.6 852.8 859.3 860.1 860.4 861.1 862.6 863.2 863.5 868.4 871.4 873.0 873.8 876.3 876.8 879.6 881.8 882.9 890.2 894.7 894.8 896.0 
801.2 806.7 807.1 809.1 811.9 812.7 814.4 815.1 817.7 818.7 820.2 821.0 822.1 825.4 826.0 826.6 829.1 830.7 831.4 831.6 834.2 835.1 840.5 848.5 854.9 859.1 859.7 859.8 860.0 862.4 863.3 869.4 873.6 874.5 875.7 878.5 878.6 879.1 887.0 895.1 896.0 899.9 
800.8 800.9 802.0 802.6 803.4 805.1 807.1 807.6 807.7 808.6 808.8 811.9 812.7 812.9 816.3 817.4 818.0 821.2 824.2 824.3 825.8 828.4 828.9 829.7 831.3 832.4 836.0 836.4 843.1 844.0 846.0 846.6 848.3 850.3 850.5 851.7 851.8 854.5 855.9 856.3 859.7 862.3 863.2 863.9 873.1 874.1 875.0 877.2 882.7 883.1 884.0 884.1 887.6 893.6 893.7 896.6 896.8 897.0 898.5 899.1 
801.3 806.3 807.4 811.2 817.4 819.6 822.5 823.2 824.7 824.9 825.8 827.5 829.0 829.6 831.1 831.3 835.7 837.8 838.0 838.6 838.8 841.3 842.0 842.5 844.6 848.4 849.9 852.6 853.0 854.2 856.1 856.8 858.0 858.6 861.0 863.0 863.2 866.6 868.4 868.5 869.0 876.8 878.1 878.7 881.1 883.1 890.2 894.6 897.0 898.2 898.7 898.8 899.7 
804.0 805.8 811.1 812.5 813.3 814.5 821.0 821.7 823.4 824.2 826.3 827.6 830.2 831.8 835.0 835.3 836.6 837.7 839.3 843.1 848.0 853.0 853.5 854.2 854.4 858.9 865.5 867.3 869.3 870.0 872.4 873.7 874.9 877.8 879.5 880.3 880.5 883.1 883.2 883.5 886.3 887.4 887.8 890.3 890.5 894.7 899.4 
807.5 810.8 815.1 815.9 816.9 823.8 836.8 840.7 842.4 842.8 856.1 857.9 860.6 865.4 867.7 869.2 872.1 880.6 884.0 885.0 886.7 888.6 894.6 897.2 

















806.6 824.5 829.7 842.7 849.4 857.5 857.6 858.4 861.4 877.2 882.9 887.4 898.5 
803.0 809.9 810.0 812.2 830.1 833.4 838.0 839.8 844.7 851.5 860.1 861.3 871.8 889.1 896.2 898.5 899.8 
802.3 806.1 813.4 821.4 822.7 823.3 824.8 828.8 829.6 834.2 834.7 835.2 835.4 836.7 838.6 839.7 841.9 849.4 849.6 850.8 854.0 854.8 857.4 859.8 860.7 864.0 864.2 866.2 867.1 873.2 873.8 875.0 884.3 884.5 886.2 888.2 890.5 894.9 897.9 
803.3 804.5 806.7 809.3 812.4 813.1 813.3 815.5 818.8 820.3 826.5 828.9 831.2 831.3 831.5 832.0 833.5 834.2 834.6 842.1 846.2 846.7 848.6 850.2 850.3 851.4 855.3 863.4 864.4 865.0 869.6 870.1 871.5 874.5 880.4 880.5 882.5 882.7 883.2 883.3 885.2 885.6 893.1 899.1 899.5 
800.2 800.6 800.8 805.1 808.8 810.4 811.2 811.9 812.6 814.0 815.0 818.3 822.3 823.3 826.3 828.6 829.1 830.5 830.6 830.9 834.5 836.4 837.7 838.2 839.5 841.1 846.9 850.3 851.1 854.6 858.3 863.5 865.6 867.1 868.9 869.3 877.3 880.7 881.3 882.8 883.2 886.1 891.3 892.0 893.5 895.8 
800.6 800.7 801.0 803.9 804.1 805.8 812.2 816.6 820.7 824.2 824.5 826.9 827.4 829.2 832.5 838.0 839.8 840.9 841.2 846.2 849.4 851.3 853.7 857.1 863.7 863.8 866.9 871.0 873.4 874.0 879.7 880.9 885.0 887.5 887.6 890.3 896.6 896.7 899.1 
802.2 807.1 807.4 808.3 809.0 810.5 813.4 815.5 817.2 821.7 822.5 823.3 824.3 825.5 827.6 829.1 829.9 830.2 830.4 834.3 836.3 838.4 839.7 841.1 841.5 842.8 843.2 845.5 850.1 850.4 851.2 855.2 856.3 860.0 860.3 860.4 861.1 862.5 862.6 864.9 865.3 865.6 865.9 867.1 870.7 870.9 873.9 875.4 881.7 882.3 888.0 889.0 889.5 890.5 892.1 894.0 896.0 896.9 897.1 898.2 
800.6 800.8 801.1 801.4 803.2 804.8 806.4 807.1 809.4 809.5 810.5 811.3 812.1 813.1 813.9 814.2 827.7 828.2 831.2 833.5 834.2 836.3 838.2 845.9 846.1 850.4 850.7 851.9 855.1 855.2 857.3 857.7 858.9 860.7 861.4 863.1 863.2 864.1 866.9 867.8 869.3 871.1 871.7 871.8 873.0 875.0 876.0 880.1 887.5 888.0 888.8 890.1 890.7 891.7 893.4 893.9 896.5 898.1 898.2 898.4 898.7 
802.1 806.9 807.5 810.5 810.7 812.9 814.0 818.1 818.5 820.0 821.1 821.4 822.8 823.1 823.4 825.0 826.0 828.8 830.0 831.1 835.2 840.2 842.6 843.8 844.2 845.0 846.6 847.1 851.1 852.0 852.9 855.1 855.5 860.7 862.6 865.5 865.6 865.8 869.5 871.9 875.4 875.6 880.7 882.4 884.9 886.4 887.9 889.1 894.8 897.1 897.6 897.8 897.9 
802.5 803.0 804.5 804.9 805.6 808.9 809.0 809.6 810.9 811.0 821.0 822.6 822.8 826.4 826.9 827.0 827.8 828.4 829.7 830.0 834.7 836.7 838.4 839.6 840.0 845.1 846.8 850.6 851.6 852.0 852.6 853.6 854.9 855.0 856.4 856.6 857.9 858.1 861.9 865.0 866.2 866.4 867.6 868.1 870.4 872.6 873.0 873.9 874.2 875.0 876.8 877.0 879.4 880.4 881.6 884.7 886.6 888.2 893.7 894.0 899.8 
802.2 806.2 807.0 807.1 807.8 808.2 809.2 813.8 815.5 821.5 822.1 826.9 827.1 827.9 830.1 830.3 831.1 831.5 838.7 839.5 840.6 844.6 845.9 849.1 859.1 868.9 874.4 875.7 881.4 884.1 886.2 887.2 887.9 889.1 890.9 892.7 896.6 



















801.4 808.0 809.8 811.7 820.8 822.7 835.2 840.8 841.5 845.0 845.2 849.8 851.9 863.5 866.4 867.6 874.4 874.6 886.6 887.1 890.4 892.5 896.9 898.2 
800.4 800.5 804.1 805.5 807.1 808.2 810.7 813.9 817.2 820.4 822.3 823.4 824.8 829.0 829.4 830.1 830.4 831.2 831.8 832.7 833.3 835.6 839.0 839.1 840.5 840.8 841.7 842.3 842.5 843.4 845.0 845.2 845.4 848.0 848.8 852.5 852.7 854.8 862.0 867.2 868.4 871.3 871.6 879.3 881.0 882.6 883.1 883.6 886.1 889.9 890.2 893.0 894.5 897.7 898.4 
800.8 802.3 802.8 804.1 804.9 805.2 806.8 807.4 808.5 819.6 821.5 822.7 823.5 825.7 831.5 834.9 835.3 835.8 836.4 839.1 842.6 844.1 846.3 858.9 859.2 860.4 860.9 862.1 864.6 865.3 865.8 866.9 869.9 870.7 874.0 880.6 881.1 882.1 883.1 883.6 883.9 884.2 889.3 889.8 890.3 894.2 898.4 898.8 898.9 899.6 
804.3 804.6 805.8 806.4 812.8 813.7 815.9 818.0 823.3 825.2 832.7 834.1 834.3 835.4 836.4 839.8 844.0 848.4 848.5 848.9 849.0 863.2 864.0 865.3 869.9 871.0 873.8 876.5 880.4 882.6 885.4 890.8 894.3 898.4 899.2 899.3 
804.2 816.6 832.5 839.1 839.7 847.2 882.0 894.0 895.4 895.9 
804.4 807.3 812.3 814.5 817.2 820.6 823.8 826.4 830.6 831.2 837.2 839.2 842.5 845.4 849.7 850.6 852.8 870.1 872.1 872.4 876.0 876.9 878.7 892.2 896.3 
800.4 801.5 802.0 802.3 803.1 803.7 805.0 805.8 806.1 806.3 807.4 811.6 811.7 816.8 820.0 820.8 821.9 822.6 822.8 823.4 825.7 827.5 828.5 829.1 829.9 831.8 831.9 832.6 835.1 835.9 839.1 839.2 840.6 841.7 842.1 844.4 847.6 849.7 850.5 856.1 857.3 857.5 862.1 866.0 875.0 875.1 881.5 883.0 883.5 883.9 884.6 885.5 885.8 885.9 887.4 892.3 895.9 896.8 897.9 898.0 899.2 899.7 
800.7 801.7 803.3 805.6 805.8 806.2 808.2 810.9 814.1 814.8 817.5 820.9 821.5 824.9 826.6 827.5 829.0 829.8 829.9 831.1 833.1 834.3 835.7 839.2 840.7 841.8 842.2 845.0 845.5 847.9 849.9 850.0 852.0 855.3 858.2 859.0 861.2 862.9 863.9 866.2 870.4 871.5 874.8 875.2 880.8 884.9 885.2 885.8 887.6 888.5 889.5 891.2 891.5 892.4 892.8 893.3 895.1 895.5 896.6 897.9 898.1 899.6 
801.8 804.4 806.3 810.1 815.8 816.9 817.0 818.3 821.4 823.7 826.5 827.0 831.8 834.3 834.5 838.7 847.1 852.6 853.9 868.3 880.7 882.3 883.8 883.9 887.5 888.3 889.5 893.0 896.7 



















804.3 820.0 829.3 844.1 849.0 861.9 863.7 870.9 
801.3 802.2 803.2 803.9 805.2 805.7 806.6 807.3 807.9 810.1 810.8 811.4 813.1 814.3 815.8 817.7 818.2 820.5 823.5 833.5 833.6 833.7 842.9 847.4 851.1 852.1 852.7 852.8 854.7 855.0 856.1 857.4 857.5 858.5 863.0 863.1 863.3 863.4 863.9 867.4 871.6 874.2 875.1 880.7 881.1 881.2 881.9 883.5 883.7 885.4 886.5 887.8 888.0 891.6 892.8 
804.7 805.4 808.7 809.9 814.0 817.4 826.0 827.7 829.0 832.4 834.8 838.0 838.6 839.4 840.0 841.0 845.0 845.5 845.8 846.5 847.7 848.5 849.5 850.3 850.5 851.8 852.4 854.1 857.8 858.5 858.6 863.5 864.5 868.0 870.1 870.3 871.0 872.2 875.6 876.2 877.6 883.2 885.4 886.7 888.7 889.5 890.3 893.3 893.7 894.2 896.8 898.8 
802.4 802.7 806.2 807.3 809.3 811.7 815.9 816.0 817.3 819.8 821.1 821.7 822.2 824.0 825.3 826.2 829.7 834.9 835.4 845.2 845.3 845.5 845.8 846.3 848.9 849.2 851.5 854.0 858.8 861.1 862.8 863.0 863.2 866.5 869.9 873.4 874.3 874.5 883.2 884.3 889.1 889.9 890.4 890.8 893.4 
800.5 804.3 804.9 806.1 810.7 810.9 813.0 814.5 819.4 819.7 831.6 833.6 843.5 844.6 850.5 851.2 853.9 855.2 860.3 867.3 867.4 867.5 867.8 869.9 871.3 872.1 873.4 873.5 878.0 878.3 878.9 883.8 885.1 895.2 897.8 
800.1 800.8 804.9 805.8 805.9 806.2 807.0 811.6 812.7 815.1 815.7 815.8 816.3 821.5 823.1 823.3 823.4 824.5 825.1 825.9 826.0 826.7 827.1 832.2 833.2 841.1 842.8 846.1 848.6 850.4 856.2 857.7 863.1 868.3 869.2 874.0 874.1 875.3 875.5 877.1 880.3 881.4 883.4 887.0 888.6 890.5 891.9 892.4 892.8 894.2 894.5 896.6 898.0 899.7 
801.9 803.3 806.3 810.0 810.2 814.4 815.3 822.4 822.8 826.7 827.7 831.1 831.7 831.9 834.3 835.1 838.0 838.8 840.9 841.1 841.8 845.4 846.6 848.1 849.8 850.6 853.0 853.7 855.2 855.4 856.0 856.4 860.1 864.9 865.8 869.7 874.2 874.6 879.0 884.2 885.8 887.0 888.8 891.9 892.9 
801.7 803.6 805.9 807.7 808.8 809.4 810.3 811.7 816.5 817.8 820.7 821.9 823.0 823.5 823.7 824.3 824.6 825.5 829.7 834.4 834.8 835.8 837.9 839.2 840.8 842.9 845.2 845.5 847.1 848.4 850.8 854.9 855.3 860.1 861.1 861.7 866.7 871.8 871.9 873.8 873.9 874.7 876.2 876.5 877.3 877.6 880.5 880.9 881.2 884.3 885.9 886.7 891.3 892.7 893.1 899.4 
801.5 803.6 804.6 812.1 812.4 819.0 822.4 823.5 829.1 829.6 831.3 831.4 832.4 834.9 836.2 837.5 842.3 845.0 855.7 859.8 871.9 880.4 881.7 884.1 884.9 896.3 899.5 



















840.8 842.7 892.8 
801.2 801.8 802.2 802.7 810.4 810.7 819.1 822.5 827.9 829.7 834.6 843.0 845.7 849.7 850.6 850.7 850.8 854.6 861.7 867.3 869.8 871.4 873.4 880.0 899.2 
801.5 806.0 806.1 807.2 807.5 814.1 814.7 816.5 817.0 822.9 824.6 824.7 829.1 830.2 833.1 834.4 834.7 837.1 837.8 840.1 841.3 841.8 850.2 853.7 854.0 855.1 864.6 865.6 866.8 869.0 875.4 876.5 876.9 879.1 879.5 880.4 880.7 882.7 889.5 889.8 890.2 891.9 892.0 892.1 893.0 894.3 
800.5 801.3 801.4 808.0 811.6 815.1 815.4 824.7 827.2 827.5 828.7 831.5 831.9 832.7 836.2 836.3 838.3 839.1 843.0 847.8 848.9 851.2 851.9 853.4 854.6 857.9 862.6 864.0 865.4 867.6 867.7 868.3 872.0 873.3 873.5 875.5 875.9 877.4 882.4 884.0 887.4 891.2 892.9 898.0 899.0 899.4 
802.0 803.0 804.2 807.4 809.4 814.0 816.0 816.7 817.4 817.6 825.6 826.3 826.7 829.5 829.8 830.3 832.6 837.2 838.7 841.6 842.4 845.7 845.8 848.1 849.2 850.3 852.8 857.6 857.7 859.5 862.3 862.9 863.6 864.7 865.6 867.0 870.1 875.1 875.7 877.7 882.1 882.6 883.7 884.0 884.8 886.9 889.8 891.5 892.9 894.0 894.5 894.9 895.3 
801.0 801.8 803.1 803.5 805.4 812.1 816.3 823.4 826.3 830.2 831.7 831.8 833.4 833.5 834.5 836.2 838.8 841.5 843.6 845.8 846.8 849.0 852.2 852.9 853.0 860.0 863.6 863.9 869.3 872.9 876.1 877.0 878.0 878.6 880.6 881.2 881.6 884.2 884.4 888.6 888.8 889.1 890.1 893.4 894.3 
801.6 802.1 805.3 809.8 812.1 813.5 814.9 816.9 819.8 819.9 821.7 822.4 823.6 824.5 824.9 826.1 830.0 832.4 834.3 844.2 844.8 844.9 849.6 850.8 851.9 853.2 853.8 862.8 865.3 865.4 868.4 870.8 871.2 873.9 875.5 875.6 876.9 880.9 882.1 887.8 889.7 896.9 897.9 899.2 899.6 
801.7 801.8 801.9 802.6 806.6 809.2 809.9 822.8 825.5 830.3 830.7 834.0 841.0 841.7 843.1 851.6 857.1 857.4 863.0 867.9 868.9 869.4 870.5 876.7 878.5 879.4 879.6 881.1 883.1 890.1 891.3 894.9 
817.4 820.9 824.5 872.4 




















837.2 847.0 850.6 883.5 885.5 895.1 
800.6 800.9 803.1 810.0 816.0 816.1 816.5 822.1 838.9 839.0 839.7 845.3 849.1 850.2 854.5 855.5 857.9 860.0 860.1 867.5 876.9 877.7 879.3 879.6 883.8 892.1 898.6 
803.3 805.0 805.9 808.6 816.8 819.8 824.9 826.2 826.7 826.8 829.1 829.3 830.4 831.3 832.1 834.6 838.3 839.1 842.7 843.8 844.5 844.9 850.9 852.4 853.4 856.2 856.7 857.0 857.2 858.1 858.8 858.9 862.1 864.0 866.3 866.6 868.9 871.9 872.8 873.5 876.8 877.0 877.1 879.6 879.8 881.0 881.7 883.5 885.0 888.9 893.0 893.4 898.9 
801.4 804.0 806.9 807.7 807.9 808.4 816.3 821.6 823.9 824.3 826.0 829.0 829.1 830.8 832.4 832.5 833.4 834.1 835.2 835.4 837.1 838.7 841.4 843.1 844.7 846.3 847.5 848.2 849.0 849.9 852.8 853.0 853.1 854.4 858.5 861.0 863.4 864.3 866.1 867.0 868.1 868.2 872.2 876.3 876.7 877.5 877.9 881.1 883.3 883.5 885.6 885.8 887.1 891.4 891.6 896.2 899.7 
805.6 806.7 810.4 811.9 813.0 813.2 813.8 815.1 815.6 818.0 818.6 818.8 821.2 821.4 828.6 830.8 832.5 835.7 838.5 841.0 841.6 849.4 851.2 855.4 862.9 865.6 869.3 872.1 874.1 874.4 875.8 877.4 879.3 879.9 882.9 885.4 886.7 888.0 888.8 889.6 894.4 897.8 899.3 
800.3 805.3 809.0 812.4 817.5 830.5 833.5 835.1 836.2 837.8 845.1 845.3 846.1 847.7 849.0 857.0 860.0 861.4 864.8 872.0 876.3 876.5 889.3 890.0 895.6 
























807.0 808.5 815.0 820.5 823.0 827.9 834.4 837.0 837.6 850.3 861.8 876.9 887.2 890.3 892.4 894.4 894.8 
804.0 804.5 806.9 810.3 812.7 814.7 831.4 836.3 845.0 846.4 850.2 852.9 856.1 859.3 860.4 864.6 865.2 867.8 869.0 870.4 875.3 879.1 880.6 880.9 882.3 889.2 895.6 
817.1 823.7 876.2 899.9 



























































































































