784





















































































































































650.6 654.1 
608.2 609.5 611.0 612.1 616.4 620.0 623.0 624.6 625.8 627.0 630.1 634.1 636.8 637.9 638.3 645.1 645.7 647.7 653.2 654.3 654.7 655.7 659.5 659.8 666.0 671.0 674.7 676.6 678.3 679.4 680.0 689.1 690.9 693.1 693.7 699.4 
600.0 609.4 613.1 614.4 621.2 623.4 626.4 633.3 638.6 643.1 651.9 652.0 655.0 655.1 661.5 663.0 663.9 672.0 672.4 692.9 694.4 
619.0 638.4 643.8 662.3 666.1 678.7 








634.4 
612.4 617.6 629.5 635.3 635.8 640.0 640.4 644.2 658.2 660.7 661.6 679.5 693.6 696.7 
664.3 












616.6 619.6 623.6 634.3 670.2 677.9 
609.3 611.3 611.5 613.8 614.2 616.5 617.2 618.0 622.9 623.5 630.9 631.6 634.1 634.4 639.3 640.9 641.1 642.9 643.9 646.5 650.3 656.9 657.5 658.9 659.6 659.9 663.1 664.3 670.6 672.1 675.4 676.1 678.2 679.1 679.7 684.9 686.1 687.0 688.2 694.4 
602.4 604.8 606.7 608.6 610.0 610.4 612.5 612.9 614.2 614.3 614.7 620.3 620.7 620.9 622.4 622.8 625.8 626.2 626.5 628.3 630.8 631.2 632.6 638.4 642.5 645.3 646.3 646.5 648.4 649.2 650.5 650.6 651.4 654.4 656.2 656.6 658.3 663.2 667.4 669.8 674.6 674.9 675.0 675.1 675.2 679.0 680.0 681.0 681.3 682.2 682.8 684.4 685.0 685.3 689.9 691.5 692.7 694.1 694.5 694.8 695.1 697.8 698.2 699.9 
600.8 601.6 605.6 608.7 609.1 610.6 613.3 624.8 626.4 628.6 629.8 630.4 630.6 635.8 636.7 641.6 641.7 644.5 647.0 649.5 651.3 654.8 661.0 666.1 666.3 666.6 669.1 673.6 675.3 682.1 684.1 685.9 686.1 686.7 690.8 693.8 699.0 








631.3 
601.2 601.6 605.0 606.2 611.8 614.9 617.8 621.3 621.5 624.8 626.2 626.8 631.6 632.1 632.9 641.5 644.2 648.2 650.1 650.3 650.6 655.2 656.6 659.4 661.0 664.3 665.0 666.6 668.1 669.0 669.7 682.1 682.5 682.8 690.5 
600.3 600.8 601.2 602.7 605.8 611.7 611.8 611.9 612.8 615.1 618.8 619.9 621.5 624.2 629.1 641.9 644.0 644.2 645.0 648.8 650.1 651.3 654.9 655.0 656.6 661.8 662.2 662.4 662.5 663.6 673.7 674.6 675.7 678.0 678.9 679.1 683.8 684.6 685.1 687.2 689.6 689.8 690.5 691.9 694.7 697.6 
604.2 619.4 634.1 641.8 673.7 692.2 698.4 











602.2 614.8 640.5 661.5 
608.1 608.5 613.4 614.9 618.9 619.9 620.0 621.3 623.3 624.5 624.7 630.2 631.1 632.0 634.3 634.8 636.9 640.6 641.8 643.8 645.3 647.7 651.6 655.1 655.9 656.0 658.1 663.6 674.1 676.8 683.9 687.7 688.1 692.5 694.1 694.5 697.2 699.1 
605.6 609.6 610.8 612.0 612.9 614.2 615.3 621.2 622.4 623.0 624.4 627.0 628.6 628.7 631.8 633.2 639.3 641.7 641.9 645.6 662.1 664.4 668.9 669.0 674.5 675.9 677.0 677.1 682.1 682.5 684.5 688.7 689.4 689.6 692.3 697.3 698.6 
600.0 602.7 604.2 606.1 611.9 615.6 617.6 618.0 618.7 626.3 629.6 629.8 635.3 646.9 649.6 652.9 653.9 654.1 655.5 665.1 666.3 667.1 667.7 669.3 684.1 690.5 699.6 









602.7 608.5 608.8 610.4 613.6 617.2 627.8 628.7 631.6 638.3 639.5 644.4 651.5 652.5 654.3 668.0 675.4 677.7 678.2 684.7 685.0 685.5 690.8 698.7 699.6 
600.3 609.0 609.7 611.1 615.2 620.6 620.7 625.7 627.6 628.5 631.6 632.8 633.5 634.7 641.5 642.0 642.8 644.0 645.8 646.7 653.0 656.0 656.3 657.5 659.2 666.6 669.4 674.7 676.0 677.3 682.5 685.7 686.0 686.5 687.4 694.0 694.7 695.0 696.5 
604.5 612.3 614.4 615.8 619.6 621.7 623.5 623.9 634.8 639.1 646.0 648.9 652.7 654.7 655.2 655.7 670.2 670.6 670.9 672.3 674.4 675.1 679.9 687.1 690.0 694.8 696.0 












602.0 602.6 619.8 621.2 626.8 626.9 643.2 652.8 659.3 668.3 683.9 684.3 691.8 
610.0 615.4 617.6 626.0 627.9 628.6 629.3 633.2 635.0 635.6 635.9 637.2 638.1 642.9 643.4 644.4 646.0 652.1 653.2 656.0 658.6 664.6 665.4 669.6 671.4 671.8 675.0 676.0 679.4 683.3 686.9 688.6 696.7 697.1 697.9 
603.0 603.9 606.5 608.8 610.8 612.3 617.2 619.6 620.7 622.1 625.8 627.8 629.2 629.4 631.0 636.3 637.6 639.2 640.2 643.3 643.8 644.2 645.3 645.4 647.2 647.5 649.6 649.7 651.4 652.6 652.8 653.1 653.2 653.6 654.2 659.1 661.4 661.5 661.7 663.1 666.1 667.0 667.1 675.4 675.7 678.9 681.2 683.6 684.8 685.9 686.3 688.4 688.9 694.6 695.1 697.0 698.5 
602.5 625.1 634.3 636.9 637.1 637.6 








613.6 620.8 637.2 678.3 
602.9 604.1 605.7 606.3 606.8 608.1 609.5 612.1 614.2 615.5 619.3 621.6 621.7 625.8 627.3 628.1 633.4 635.9 636.6 639.8 640.8 640.9 644.4 646.2 651.1 651.8 653.1 653.7 654.6 654.8 655.4 657.1 658.5 660.9 661.1 665.5 665.6 667.2 668.4 670.1 673.6 678.2 679.4 682.6 685.5 691.4 692.6 692.9 697.8 
600.1 610.9 612.9 626.9 628.0 632.2 634.4 634.8 636.8 638.6 646.6 653.9 654.4 655.3 658.9 661.6 665.3 665.5 668.4 670.3 676.1 676.3 687.7 691.0 691.5 691.7 693.1 695.4 
625.6 641.2 693.0 












600.7 603.4 618.9 622.4 622.9 625.0 626.9 634.2 647.2 648.0 648.1 648.8 650.4 653.8 654.3 656.5 658.8 662.3 665.0 668.0 670.2 672.8 673.1 676.6 678.4 684.6 688.3 689.0 690.8 691.2 692.2 694.2 
600.3 601.2 603.8 607.3 609.4 610.9 614.4 615.6 619.1 620.0 620.9 621.3 621.5 627.1 627.6 633.6 635.1 635.3 636.9 638.7 639.0 639.6 639.8 640.4 640.6 641.7 641.9 645.1 645.6 648.2 648.7 648.8 653.2 655.4 657.1 660.8 661.4 662.5 665.8 669.2 669.8 672.0 672.5 672.8 677.3 677.8 678.1 683.8 688.5 689.1 696.2 696.8 
600.6 603.5 610.4 614.1 615.0 625.7 627.4 629.6 643.8 644.7 645.2 654.6 668.3 673.4 673.9 681.8 684.9 685.4 








607.1 622.9 627.8 636.3 646.5 668.1 674.6 680.5 699.8 
606.0 606.9 607.0 611.9 612.0 612.9 615.5 617.9 621.5 622.1 628.4 630.2 631.4 632.9 634.4 635.4 639.4 640.7 644.2 652.5 652.9 656.9 657.3 658.4 662.2 665.2 665.5 667.4 673.3 681.0 682.9 683.2 688.3 690.2 691.2 692.6 692.7 
604.3 605.4 607.0 608.4 610.9 611.4 612.1 615.8 617.4 622.0 622.4 629.1 629.2 630.5 634.2 636.0 636.2 637.2 639.4 643.0 647.6 648.4 649.3 651.4 654.0 654.5 656.3 664.0 665.8 667.6 672.5 673.2 678.7 679.3 680.3 683.6 683.7 685.1 691.7 692.5 694.4 697.0 
601.9 603.4 623.6 632.4 638.2 648.9 649.0 650.3 651.5 654.9 656.8 657.4 658.0 659.4 672.4 673.4 677.6 692.8 












602.9 613.0 614.1 616.8 617.1 617.4 622.9 623.9 625.8 626.7 628.3 629.3 631.0 633.8 634.4 635.6 638.0 639.0 641.5 641.7 645.3 648.4 649.8 652.1 652.7 654.4 656.7 659.0 661.7 662.8 673.3 673.9 674.0 676.3 677.5 677.9 681.9 684.8 685.1 686.8 690.8 693.1 697.2 699.8 
600.0 600.2 600.5 600.9 605.1 608.9 610.6 611.4 614.9 618.9 620.7 626.2 626.3 630.1 630.2 630.4 632.4 632.8 635.0 635.6 637.6 641.4 643.2 644.7 647.0 649.9 650.5 653.9 654.0 655.2 658.1 658.2 660.0 663.3 663.9 669.5 674.1 674.2 676.8 678.1 679.9 683.1 683.5 691.0 693.1 694.7 694.8 699.8 
600.0 601.9 602.3 604.1 605.0 615.6 616.9 618.1 620.2 622.3 623.3 623.5 625.0 626.8 640.5 654.3 660.2 664.0 670.4 671.3 674.6 674.9 677.8 679.6 683.8 685.3 690.2 692.2 694.6 695.2 696.7 698.8 
672.3 694.4 698.9 








609.9 612.3 618.6 626.9 632.7 634.3 638.4 646.4 650.7 653.8 656.7 658.3 662.7 665.6 669.5 676.6 678.2 686.0 697.9 
601.5 602.8 602.9 606.5 607.7 617.6 628.1 632.0 632.6 634.2 641.1 642.5 643.5 645.5 647.7 648.5 650.1 655.8 659.6 666.0 666.7 667.0 670.7 672.9 674.4 674.9 676.0 677.2 680.1 681.0 682.3 682.4 682.5 683.3 683.4 686.3 686.5 687.3 688.0 688.2 695.6 697.0 699.8 
600.6 603.1 605.3 607.6 607.9 608.0 609.0 615.6 616.6 631.9 639.2 641.9 644.0 649.2 651.1 653.2 656.1 657.3 666.0 670.9 675.7 677.5 683.9 690.5 691.8 694.6 698.5 













605.9 606.2 613.5 614.3 621.6 624.0 627.3 632.1 637.0 644.1 646.4 648.1 655.7 657.2 659.6 660.3 660.6 662.0 663.5 663.7 667.1 668.7 678.2 678.5 686.0 686.5 686.9 687.2 690.4 696.5 
600.1 600.3 600.6 603.5 604.6 605.7 609.8 614.4 615.8 616.2 616.8 617.4 617.5 621.4 622.4 622.5 622.7 627.0 627.7 632.9 633.3 636.1 637.6 638.3 640.7 641.4 641.9 643.1 645.2 645.4 646.2 647.4 647.6 648.7 649.6 657.4 659.1 659.5 663.2 665.6 665.9 667.4 667.9 669.9 670.6 675.7 679.6 680.2 681.8 686.6 687.9 688.2 689.3 691.9 692.1 692.4 695.5 696.5 
600.9 601.7 603.2 604.3 608.0 608.8 612.5 612.8 614.5 615.9 617.4 620.0 622.9 624.3 625.1 625.9 627.6 627.8 629.7 630.3 633.5 638.8 640.3 640.5 642.0 642.2 644.6 646.1 647.6 656.1 656.6 658.2 662.1 667.9 669.7 673.0 678.8 686.6 691.9 695.0 695.9 696.2 698.4 







613.0 
612.1 615.5 618.3 621.1 634.5 641.6 644.3 651.5 655.7 656.4 656.8 660.2 667.4 668.2 670.6 670.9 676.7 684.2 688.6 690.5 691.2 695.3 695.5 696.6 
603.3 605.0 607.3 607.4 610.3 615.3 620.1 623.4 630.7 631.5 631.7 634.0 636.4 639.6 640.0 640.8 645.6 649.0 657.4 657.6 669.1 674.2 674.6 676.3 678.6 679.3 680.9 681.3 683.9 686.4 688.1 689.7 690.7 692.5 692.8 693.4 693.5 694.0 697.3 698.6 
600.7 604.4 606.9 607.5 607.9 613.5 618.5 622.3 623.2 624.8 625.8 626.3 628.5 630.1 633.4 633.8 639.2 640.2 640.8 641.1 643.3 643.6 646.5 646.7 647.2 647.4 648.9 649.5 651.0 652.5 657.0 657.5 659.2 660.8 661.0 662.9 664.3 665.1 665.7 673.0 674.2 677.7 679.6 681.8 682.2 685.7 687.5 688.6 690.5 691.9 694.0 694.1 695.0 698.2 698.8 














607.9 609.8 612.8 617.0 617.9 622.8 626.6 628.1 637.5 639.1 640.2 641.4 646.7 647.6 650.3 654.5 657.4 661.2 668.0 670.0 671.5 676.1 676.6 680.4 681.3 681.5 683.6 691.8 694.9 
600.6 601.5 606.3 606.9 613.2 614.9 615.4 622.2 622.4 625.4 631.0 634.3 636.2 637.0 641.1 643.7 644.9 645.5 646.0 648.7 654.2 654.9 657.0 659.1 659.4 662.2 663.6 664.2 664.7 665.6 667.0 668.6 669.2 670.6 672.1 677.7 682.0 682.9 684.7 688.3 691.8 693.7 696.1 697.6 
603.0 606.3 608.9 613.3 614.4 619.9 620.8 621.1 628.7 628.8 630.9 632.1 632.4 634.8 637.3 637.4 641.5 642.3 643.4 643.5 644.5 646.4 650.0 651.1 651.5 652.6 653.8 654.4 657.2 659.5 660.2 664.3 667.5 672.0 672.4 673.0 673.7 675.3 675.7 676.1 678.2 681.9 687.2 688.9 691.2 691.8 692.6 693.6 695.7 695.9 697.1 699.3 699.6 
603.2 616.6 619.0 620.5 622.3 622.8 625.9 632.7 633.4 633.7 643.5 643.9 644.3 646.1 647.2 649.9 651.3 656.1 659.6 663.5 667.6 670.8 676.6 678.1 683.2 683.4 692.5 692.6 693.8 694.4 697.3 
603.0 604.8 608.3 608.4 609.2 612.0 614.7 624.3 627.9 631.2 632.2 635.6 636.2 636.5 640.4 640.7 642.3 642.4 642.9 643.4 647.4 654.8 659.5 660.3 667.7 668.8 672.5 674.2 675.1 677.4 677.8 690.9 691.0 692.2 696.1 
603.9 610.9 615.4 618.1 620.7 626.4 629.5 638.3 644.0 644.6 644.7 651.7 659.8 662.5 666.7 667.8 691.3 692.5 694.7 698.8 
609.1 612.5 615.0 616.6 620.8 622.3 635.4 640.1 647.3 666.2 670.1 674.2 679.8 695.0 
609.3 609.4 610.3 611.3 613.3 627.7 663.0 665.6 680.1 688.5 
600.2 608.0 616.6 624.0 624.3 636.2 661.6 665.0 672.1 676.8 677.8 682.9 691.9 698.7 
607.1 618.2 622.8 630.1 631.8 632.1 643.1 644.1 651.1 653.0 660.8 665.3 670.7 677.2 678.0 680.8 681.4 691.3 
600.9 601.7 608.8 609.6 612.3 613.3 620.1 621.3 621.7 624.4 628.1 630.8 631.1 635.9 645.7 653.0 660.0 661.6 663.0 663.3 666.8 667.2 672.6 673.3 675.8 680.0 681.1 681.7 681.8 687.0 688.9 690.8 693.9 699.3 
606.0 607.3 612.7 615.9 616.0 617.9 618.0 618.4 621.7 623.9 625.6 626.5 626.6 627.5 628.2 630.7 633.1 634.3 634.7 636.0 637.0 638.0 638.6 638.7 642.7 644.2 644.8 645.0 645.6 645.7 647.6 648.4 650.7 650.9 652.1 657.7 657.8 661.0 664.1 667.7 668.2 669.0 670.0 671.3 671.4 672.0 675.8 676.7 684.9 687.9 689.1 690.1 695.3 697.6 
603.0 608.1 610.4 613.1 616.3 616.6 617.7 617.9 619.3 622.5 624.1 625.1 627.6 634.4 634.7 637.6 637.7 640.2 640.3 642.2 643.0 650.9 651.2 653.9 664.7 667.9 668.0 668.3 673.4 673.9 677.9 680.8 681.3 683.5 684.9 687.0 689.8 691.7 695.4 696.7 697.3 697.4 697.8 698.9 
605.6 616.9 617.7 619.7 620.8 624.9 626.1 631.2 633.2 633.3 633.9 639.5 642.4 644.3 648.8 648.9 652.1 653.8 653.9 658.7 660.8 662.2 662.3 664.4 669.0 677.3 678.7 679.2 682.7 690.3 691.0 692.9 694.2 697.5 














648.2 651.2 654.0 656.8 669.8 679.2 680.2 687.4 689.2 697.5 
604.7 607.4 609.5 609.8 612.9 615.2 616.7 618.6 621.0 621.2 621.6 625.6 631.6 634.6 635.0 641.6 642.9 644.2 647.0 649.2 649.6 650.9 651.2 652.8 655.8 657.0 657.4 658.1 660.1 660.5 662.2 665.0 665.9 666.9 670.9 676.3 678.2 679.5 680.1 682.4 682.9 686.4 689.9 692.7 696.1 698.4 699.2 
600.6 602.2 603.0 604.5 605.1 608.9 609.2 609.5 610.0 610.5 612.5 613.4 617.6 627.1 627.2 627.4 629.9 630.3 630.6 631.4 633.0 633.1 634.2 636.4 637.0 643.0 644.8 645.8 646.2 648.2 649.1 652.3 653.7 654.6 655.0 661.0 661.3 662.3 663.7 665.5 666.7 667.2 667.3 667.5 672.8 680.2 688.1 689.4 692.1 692.6 697.8 
600.6 601.5 601.7 608.1 608.9 613.8 614.0 614.1 615.4 618.2 618.8 618.9 622.2 625.3 625.6 627.1 632.4 633.9 639.6 641.7 645.3 645.5 646.7 647.1 647.8 647.9 649.6 651.1 652.9 653.2 653.3 654.4 655.9 658.1 658.2 662.4 662.7 664.7 665.4 666.4 670.6 673.8 674.2 674.4 675.0 680.4 683.0 684.3 685.8 686.3 686.6 687.4 692.6 693.2 694.3 695.4 
605.9 607.3 608.8 608.9 612.4 614.5 615.1 616.5 620.7 623.4 624.1 624.8 625.0 625.7 625.9 627.4 628.4 629.1 630.6 631.0 632.0 632.2 633.2 636.5 638.1 638.5 640.7 640.9 641.4 642.1 643.2 645.0 646.7 647.0 647.7 650.3 652.9 657.4 658.1 660.0 668.5 673.5 675.1 676.5 677.4 677.7 679.0 682.2 686.6 688.5 689.2 692.4 694.5 696.6 697.4 
601.9 602.4 607.6 609.2 618.1 618.2 627.2 630.6 631.6 631.9 633.4 636.9 645.1 646.2 647.1 650.4 651.7 652.2 652.9 670.3 671.0 671.3 672.2 676.6 679.2 681.5 682.5 688.6 691.9 693.3 693.8 694.3 696.5 699.7 
602.1 602.2 603.2 604.2 609.5 610.6 613.1 616.3 616.9 620.2 620.8 621.8 624.9 627.6 628.7 628.8 629.8 631.6 632.1 634.7 635.1 635.9 638.5 638.6 639.7 643.1 645.2 653.5 654.3 657.0 661.7 662.3 663.3 666.6 671.0 672.4 674.3 676.2 678.0 680.8 682.7 686.9 687.4 691.8 692.2 692.7 692.9 693.0 
600.1 606.0 606.1 607.8 607.9 608.1 609.1 610.6 611.7 612.6 612.9 613.6 616.7 620.0 622.9 623.3 623.8 623.9 624.9 628.4 629.8 632.8 641.8 644.3 644.8 645.2 645.7 651.8 653.0 653.6 658.6 661.8 662.2 662.6 665.0 665.3 670.7 673.1 673.6 674.2 675.6 676.7 678.7 679.0 681.3 682.0 683.9 685.6 686.9 689.3 689.8 690.0 692.2 694.6 695.8 698.3 
600.7 601.3 604.4 604.7 605.2 605.7 606.5 607.5 614.4 617.4 618.8 618.9 621.8 623.5 624.9 625.0 627.1 627.5 629.6 631.4 634.9 636.6 637.3 638.0 639.2 641.5 641.7 642.7 642.8 646.8 647.5 653.0 653.5 654.2 655.8 656.0 657.7 657.8 660.3 661.2 666.2 668.3 670.0 670.4 672.1 674.3 676.2 678.5 680.4 684.3 686.7 687.1 689.5 690.2 693.5 694.3 695.0 695.3 697.5 697.8 698.7 
600.9 604.5 607.1 608.7 609.8 609.9 612.0 612.8 615.1 615.3 617.8 618.2 621.8 622.0 623.0 627.7 628.9 633.1 633.9 637.8 642.9 643.3 644.6 646.6 647.7 648.3 658.3 660.2 661.3 663.5 665.3 665.8 666.5 667.3 671.2 671.5 672.4 677.1 678.9 680.5 680.8 683.2 683.4 683.8 686.1 686.4 687.8 689.8 692.7 694.4 698.7 
601.6 602.4 605.1 605.5 605.8 610.7 617.6 621.8 623.4 629.0 629.7 630.1 631.4 632.4 632.9 634.3 635.5 638.6 639.3 641.3 643.3 645.0 646.9 648.2 648.5 649.2 650.3 650.6 653.1 656.0 657.8 658.5 658.6 661.3 663.3 664.4 672.1 676.5 683.1 684.0 686.5 686.9 687.8 690.3 690.5 690.9 696.4 696.8 698.3 699.2 
600.0 600.1 600.4 600.8 601.1 601.8 604.8 605.3 611.3 613.4 615.8 616.1 617.3 617.8 620.6 622.5 623.7 625.0 625.5 631.0 631.3 636.2 636.7 638.5 641.9 642.2 646.2 647.9 649.3 650.8 655.6 658.5 659.7 660.5 660.8 661.5 662.8 666.5 666.7 667.9 668.9 672.4 673.6 679.7 681.3 685.2 685.3 689.9 691.8 694.9 
602.8 609.5 610.3 611.6 613.9 619.0 619.9 621.0 626.5 628.6 630.0 631.0 631.5 634.7 636.5 639.5 639.6 641.3 642.6 643.1 643.6 650.1 651.2 653.7 659.8 660.1 662.4 662.5 663.8 667.0 669.9 686.2 688.9 689.5 690.0 692.9 693.4 693.5 694.5 695.8 695.9 697.6 
626.5 635.2 637.4 644.1 645.3 659.6 670.7 693.1 















610.5 
609.5 609.6 621.3 630.2 631.4 640.3 646.4 648.4 655.5 676.7 683.6 697.0 
601.3 605.5 608.1 608.5 609.3 611.5 620.6 626.8 631.4 637.2 638.1 641.0 644.3 650.3 651.4 652.5 655.0 662.4 662.5 673.9 676.1 676.3 680.5 685.5 686.3 694.9 
601.8 602.7 606.2 610.5 617.3 618.0 620.0 621.1 621.6 622.6 623.0 627.4 631.4 632.4 635.4 635.5 636.9 639.9 640.5 644.5 646.0 647.0 649.2 650.3 652.1 654.0 656.9 660.1 666.6 667.2 668.2 669.5 671.9 673.2 675.3 676.2 683.3 685.3 688.5 694.0 694.3 696.9 699.4 
600.5 601.6 607.2 610.7 617.0 625.1 628.2 628.8 629.5 631.3 636.4 638.8 643.6 644.3 646.7 651.0 651.1 652.7 654.7 656.2 657.0 661.0 668.5 671.1 673.3 676.0 676.2 679.4 679.8 681.3 684.1 684.4 687.2 687.6 692.0 693.4 693.8 696.5 696.9 697.1 
604.6 611.7 612.7 612.8 614.1 618.2 618.8 626.7 635.5 636.5 637.5 638.1 639.2 639.7 647.8 648.4 652.5 652.6 657.3 658.1 660.3 663.0 667.7 671.9 675.0 677.8 678.7 680.9 681.6 686.0 686.8 688.7 689.5 690.0 690.6 692.0 695.4 698.7 699.5 
611.8 612.3 614.3 617.5 625.2 631.4 632.1 634.3 637.7 642.7 647.3 648.7 652.7 659.0 662.0 662.1 663.5 666.1 670.5 671.6 672.8 673.0 676.1 682.4 690.0 690.5 692.3 695.3 
604.3 608.3 612.5 616.3 620.4 625.1 625.3 632.8 637.9 639.8 641.3 645.0 646.9 647.6 647.8 651.9 654.9 655.4 661.0 674.4 675.6 679.4 689.8 691.6 695.5 699.3 
606.0 611.4 617.2 622.1 625.4 637.6 646.1 675.0 681.7 689.6 
604.7 605.7 607.2 609.1 613.0 613.3 624.6 629.3 631.4 634.8 635.1 635.4 636.2 636.4 645.3 647.3 648.5 648.8 648.9 649.9 650.0 650.9 654.3 657.6 658.2 661.0 661.6 662.4 664.2 666.0 666.4 667.8 668.6 672.3 674.9 675.2 676.2 676.3 680.6 684.4 685.5 689.7 691.7 691.9 694.2 695.2 699.2 
600.5 601.6 602.7 602.8 604.5 607.1 610.2 617.2 618.1 619.7 620.2 623.6 624.3 626.1 627.6 628.0 628.9 629.7 630.0 631.2 632.3 633.9 635.6 637.2 637.4 639.9 642.3 642.5 643.0 643.4 643.8 647.8 650.8 652.7 653.2 654.2 655.1 655.3 655.4 656.2 656.9 657.6 658.1 658.9 659.4 661.3 662.5 666.6 667.7 669.4 674.7 677.9 678.6 679.8 680.6 681.6 683.3 684.5 685.9 686.7 687.2 687.7 688.6 690.5 697.4 698.8 
600.5 602.8 610.4 611.5 614.0 616.6 617.4 617.5 618.5 619.2 622.3 624.2 629.2 631.3 632.8 633.0 635.4 636.3 638.0 640.7 641.0 647.3 647.9 649.0 652.6 652.7 656.8 658.0 660.3 663.1 664.9 666.2 666.8 670.7 671.3 674.2 683.1 689.2 690.4 697.8 699.0 
























608.7 628.4 665.9 682.5 699.0 
604.7 605.2 609.9 611.9 613.1 621.0 626.0 627.0 628.6 629.0 630.7 636.0 643.2 643.6 644.9 647.3 647.6 649.2 651.0 651.4 652.0 652.9 654.7 655.1 656.6 656.8 659.9 661.3 661.4 662.1 664.1 667.0 668.3 670.3 672.9 673.5 678.1 685.2 685.5 687.9 688.2 688.8 692.1 693.1 697.8 
600.8 601.0 602.2 605.3 609.4 611.0 612.7 613.8 615.5 618.0 619.9 626.9 628.1 632.5 639.9 640.0 641.1 644.1 645.0 648.1 650.3 650.6 654.2 655.7 657.3 658.5 660.9 661.1 662.3 665.9 668.3 672.2 672.9 673.2 679.6 680.7 681.1 685.3 689.6 690.7 695.6 696.4 
610.8 612.4 663.7 673.2 693.3 
























602.9 614.7 618.0 622.5 626.8 629.1 630.3 633.6 634.8 637.6 641.1 643.8 644.0 648.5 653.7 654.3 655.6 656.8 660.5 661.8 667.7 667.9 673.6 676.1 685.9 687.9 695.1 697.0 697.2 698.9 
600.0 601.1 602.6 604.9 610.2 610.6 612.4 613.5 620.9 621.3 622.9 623.5 626.0 627.6 627.9 628.5 628.9 629.4 629.9 631.5 632.8 635.4 635.9 636.2 636.8 638.7 639.1 640.7 640.9 644.3 645.1 645.9 646.0 650.2 650.5 651.8 652.4 653.0 659.4 659.7 660.5 661.2 663.5 663.6 667.1 669.3 672.3 677.0 687.1 687.8 689.3 694.0 694.3 695.9 697.0 697.4 697.7 
607.2 609.1 611.1 613.0 644.3 653.2 656.5 663.0 666.8 666.9 670.5 673.9 674.6 684.6 686.8 687.9 693.9 
























602.6 616.1 629.7 652.9 661.1 661.2 664.8 666.6 667.4 667.8 668.8 671.7 684.3 687.3 687.4 690.5 
601.5 602.3 604.7 606.8 617.3 617.6 617.7 620.4 620.7 621.6 628.0 630.8 630.9 635.0 635.5 636.5 637.5 642.4 646.2 651.2 652.8 657.7 658.3 660.2 662.4 664.2 665.9 666.5 673.5 674.9 676.8 677.5 679.7 683.7 684.1 684.2 686.2 687.4 688.7 688.8 689.5 696.1 
603.0 603.8 604.9 605.1 610.7 613.6 613.9 615.0 618.0 618.6 622.8 627.3 628.0 628.1 629.4 629.8 630.7 633.0 633.5 634.6 635.2 637.6 638.1 643.0 645.7 646.2 648.9 649.3 652.8 655.2 658.5 661.3 663.4 663.6 664.5 665.7 665.9 667.1 667.2 670.4 671.4 675.8 677.5 681.0 682.4 683.8 689.5 691.3 692.4 693.7 695.1 695.5 697.3 697.8 698.2 699.9 
620.4 623.7 629.1 636.1 647.5 656.8 667.3 670.7 685.3 691.2 695.2 
























604.9 611.2 615.3 616.8 621.3 621.5 629.1 642.2 644.0 645.3 645.7 648.8 658.8 668.5 671.6 673.4 678.7 682.3 686.2 687.5 688.9 689.5 690.2 692.1 693.2 697.9 
603.0 603.3 608.8 616.2 616.4 618.6 621.1 621.3 624.3 627.7 633.7 634.6 637.1 639.5 642.5 644.3 645.3 645.7 648.4 654.2 657.5 659.6 660.1 660.5 662.7 664.3 665.4 674.0 675.9 676.0 676.1 677.3 679.7 681.4 683.5 685.4 687.2 689.0 689.2 689.4 689.6 689.8 694.1 694.5 695.6 
602.1 604.9 611.6 612.3 612.4 614.6 615.6 617.1 621.9 623.9 626.8 627.5 628.3 630.8 630.9 636.6 636.9 649.8 654.2 654.8 659.4 661.3 663.1 664.4 667.8 668.7 668.9 670.7 675.7 676.0 678.8 683.1 686.9 687.8 691.2 693.4 693.6 699.0 

























605.2 606.2 607.4 608.5 609.2 609.3 611.2 611.8 615.8 617.4 618.9 622.5 624.2 624.7 625.2 628.3 632.1 632.8 633.9 634.9 635.3 639.6 641.5 642.5 649.3 654.8 655.2 655.6 661.7 662.0 663.8 664.5 665.1 665.7 667.9 669.0 674.4 678.0 680.4 680.6 681.8 683.5 684.5 684.6 686.7 688.2 688.6 696.1 
600.2 601.4 604.7 607.0 607.4 607.8 611.8 612.5 613.0 613.1 614.0 614.3 616.0 619.5 620.9 621.6 623.4 623.8 627.4 627.5 627.9 628.2 631.1 638.5 639.9 640.9 643.7 643.9 647.1 648.6 649.1 649.9 652.9 653.5 654.1 656.8 659.9 660.6 661.5 661.6 667.4 667.5 667.7 668.1 673.9 674.0 675.8 677.6 678.9 681.7 686.6 689.6 692.5 695.2 698.0 
603.1 607.9 640.5 642.1 646.3 648.5 653.7 679.3 680.0 683.5 691.1 696.1 697.3 
























602.4 604.8 606.1 606.2 612.5 615.4 616.5 617.3 632.3 639.5 645.6 648.8 654.6 658.0 664.9 675.0 676.0 686.2 691.9 692.3 694.2 697.1 
601.5 602.0 603.2 607.8 608.2 612.2 613.0 613.1 613.5 614.0 614.7 614.9 616.6 617.0 620.2 626.1 626.3 629.9 634.2 634.7 635.2 641.9 644.8 646.1 646.4 646.6 648.9 656.1 657.2 658.1 658.8 659.8 664.4 666.4 666.5 668.1 670.1 671.5 672.7 674.7 677.4 680.1 683.7 686.2 699.2 
601.1 602.2 605.1 606.4 609.3 612.6 616.1 616.9 621.2 623.7 628.1 629.5 629.7 630.8 633.3 635.0 638.0 639.4 639.6 642.1 649.0 649.6 650.2 650.3 650.4 655.3 656.9 657.4 658.1 662.1 662.8 665.4 667.5 668.9 671.2 675.0 677.4 682.1 683.4 685.6 689.3 692.7 696.9 698.8 

























600.8 603.6 604.1 607.1 607.6 609.1 609.3 616.3 617.4 618.3 619.8 623.8 624.8 625.0 627.2 629.2 631.1 636.1 637.0 642.5 645.5 647.1 647.7 649.2 649.5 651.5 653.7 655.5 656.2 659.3 660.1 661.0 664.1 666.9 667.8 670.0 670.8 671.4 672.3 684.1 684.7 686.3 686.6 687.7 688.9 691.2 692.3 692.5 693.7 694.7 696.3 
601.3 601.4 602.3 603.9 604.0 605.4 605.6 606.9 607.0 615.6 616.0 616.6 619.7 622.0 622.2 625.2 627.0 628.0 632.4 636.9 637.8 642.4 643.2 645.1 646.3 647.6 655.1 656.0 657.4 659.3 663.5 665.0 667.9 668.6 670.1 675.8 681.0 683.8 684.0 684.3 693.1 696.4 696.8 698.3 
601.1 603.0 603.3 605.7 608.3 614.0 618.8 619.1 622.4 624.0 630.2 632.3 632.8 634.3 636.6 640.8 641.4 641.5 641.6 643.2 644.1 650.0 652.3 653.1 656.0 662.4 664.0 675.8 679.0 685.8 686.5 689.9 693.6 697.8 

685.0 
600.3 635.9 643.7 655.5 658.6 676.4 678.5 690.3 






















603.6 610.1 615.6 620.6 621.2 624.4 628.0 629.8 631.8 633.8 636.3 637.2 639.6 640.4 644.4 646.1 652.2 653.5 654.4 655.8 660.1 664.4 667.0 667.5 669.7 673.7 689.6 695.3 695.4 697.5 699.7 
604.3 605.3 605.8 606.9 620.8 624.1 624.4 624.5 625.2 625.3 625.4 626.0 626.5 627.0 629.6 630.4 631.3 631.8 632.4 634.0 637.0 641.2 642.2 643.1 644.7 647.0 649.9 651.0 651.5 652.1 654.4 658.3 666.3 672.1 673.9 674.7 675.5 677.1 679.4 680.6 682.1 682.7 685.3 686.3 688.4 692.3 694.2 695.6 696.9 697.1 
609.9 610.2 611.4 616.3 619.3 621.6 622.2 622.4 627.6 627.7 629.1 634.4 639.6 644.1 646.5 652.8 659.8 670.6 676.3 680.0 680.6 683.0 691.0 691.4 
606.8 607.3 618.4 619.9 639.4 640.3 654.4 655.1 663.3 666.3 672.2 672.8 678.2 685.7 687.7 688.7 694.7 
602.6 605.9 611.0 613.0 614.2 617.6 618.5 619.3 626.9 627.5 629.9 630.6 631.0 636.1 637.6 643.8 644.0 646.2 646.8 647.3 653.4 655.0 662.3 663.8 663.9 666.0 666.6 674.3 677.8 678.9 682.6 682.7 689.0 689.9 690.8 691.5 691.6 693.1 
602.2 606.4 606.8 608.9 614.9 616.7 619.8 621.6 623.3 627.3 628.6 629.5 630.0 632.1 644.1 645.3 646.9 648.2 649.0 649.2 650.2 650.8 651.9 653.4 655.4 655.9 656.3 656.5 664.3 669.0 677.5 677.7 679.9 687.4 687.5 689.6 






















610.3 611.3 611.7 614.9 615.5 616.4 616.7 619.1 623.0 624.2 626.8 628.0 628.2 632.0 633.8 634.5 635.2 639.1 640.0 642.3 642.5 643.2 643.3 648.3 654.3 656.5 659.6 662.2 664.5 665.9 667.4 672.1 673.4 673.9 675.6 692.7 693.5 694.7 695.8 695.9 
603.6 608.7 609.3 609.4 615.4 621.1 626.6 628.4 631.4 631.5 633.5 634.5 635.5 636.2 637.3 638.3 641.3 644.1 645.7 647.5 647.6 648.9 652.8 655.3 659.8 663.4 664.7 665.4 666.9 668.8 670.9 671.4 671.6 674.3 675.2 677.0 677.5 679.0 680.5 682.0 683.7 684.1 684.2 686.7 689.6 690.5 692.6 694.6 695.1 697.2 698.3 
605.3 606.2 613.7 618.1 619.8 622.7 624.4 624.6 633.3 640.8 641.9 643.4 647.4 648.1 651.1 655.3 657.7 661.8 667.1 667.9 671.7 672.2 672.9 675.4 675.6 676.6 678.7 680.0 680.5 680.8 681.3 683.0 683.4 686.5 687.3 690.4 691.2 693.5 696.3 696.5 
600.1 603.1 604.2 604.5 611.1 613.1 614.6 616.9 620.8 624.7 628.8 629.1 629.9 630.2 638.1 641.5 642.8 643.9 644.8 647.5 648.3 660.8 662.0 668.6 669.1 669.2 670.2 678.3 678.7 685.0 691.8 696.4 698.1 699.2 
600.9 601.4 603.1 612.0 619.5 620.3 620.4 623.2 626.9 635.2 637.3 640.3 643.0 643.3 648.5 653.1 654.3 664.4 664.5 671.1 673.7 674.3 678.7 685.8 687.7 688.7 690.8 693.2 698.6 
620.8 645.5 656.8 671.1 674.4 680.0 






















600.1 603.5 611.3 623.0 628.7 630.0 670.3 671.1 692.1 
602.7 604.6 607.8 608.0 610.5 613.5 616.9 617.9 618.8 621.6 622.5 631.8 632.3 634.9 637.7 639.4 639.7 640.2 641.2 641.5 643.3 644.8 649.2 651.6 653.2 655.7 658.0 658.6 658.8 660.8 663.3 668.5 669.1 673.4 677.0 689.7 693.5 695.4 696.7 697.8 
603.1 605.6 607.7 613.0 615.7 617.1 618.3 621.3 634.9 636.7 636.9 646.7 647.8 648.1 650.1 657.4 658.3 661.3 662.3 664.3 666.4 667.7 669.8 671.0 672.8 699.8 
608.4 613.2 659.6 689.3 690.4 































































































