784



















































































































































































764.2 768.4 
705.6 707.0 711.7 718.2 721.8 722.8 728.0 733.7 743.5 744.8 746.2 747.7 751.6 753.4 767.3 772.4 783.4 786.1 791.1 795.2 799.9 
700.8 705.4 706.4 714.5 716.3 717.4 718.1 724.3 727.3 727.4 727.5 730.4 730.9 732.8 734.6 739.8 740.0 741.2 743.1 748.5 748.7 756.7 759.6 760.8 761.8 762.7 763.2 770.1 770.6 772.5 776.4 787.2 787.8 788.2 792.9 793.3 793.6 794.2 
756.2 























700.2 700.8 706.8 715.0 715.4 716.2 719.1 724.1 730.6 731.9 732.4 737.5 741.2 757.7 759.6 759.7 765.2 770.8 780.6 785.2 787.4 787.6 788.0 790.7 791.6 795.0 
701.8 703.5 704.5 710.2 711.0 713.5 714.0 714.5 714.6 718.6 720.0 721.4 723.4 726.0 729.7 730.7 733.2 739.9 740.0 740.1 740.2 751.7 752.6 752.9 757.1 760.8 767.5 768.0 771.6 772.5 772.6 772.8 777.7 780.2 782.5 787.0 789.3 795.6 796.9 799.0 
702.3 705.0 705.4 708.7 708.9 709.3 709.6 709.7 710.5 712.3 715.8 720.6 722.5 723.4 723.7 724.0 725.5 726.1 726.2 726.5 728.5 731.0 732.0 732.6 734.0 734.1 736.4 737.2 740.1 742.5 743.9 745.2 748.6 750.4 752.0 753.5 754.5 755.2 755.7 757.9 758.1 758.5 759.3 762.5 762.7 767.0 768.3 768.8 770.6 776.0 785.2 787.0 797.5 798.7 799.4 799.8 
700.7 706.4 715.9 718.4 719.9 724.2 724.6 724.8 727.4 728.3 731.9 732.6 734.7 735.3 737.3 740.9 743.3 748.1 750.3 751.2 752.1 752.5 753.3 753.5 754.1 758.8 758.9 759.7 760.2 760.5 760.6 761.9 765.3 770.1 771.0 771.4 780.1 784.2 787.0 787.1 789.1 790.1 792.0 793.2 793.4 794.0 797.8 798.4 
747.3 770.7 785.6 788.3 






















712.8 731.0 732.0 744.1 745.7 754.5 763.6 767.5 795.2 796.4 
700.1 702.2 706.7 707.5 709.1 710.8 711.0 714.1 716.4 716.9 719.6 720.8 724.5 726.1 726.8 728.6 729.0 729.3 731.3 732.9 734.1 734.3 734.6 736.7 737.9 739.1 741.5 744.7 747.6 749.5 755.4 756.9 758.1 761.4 767.5 769.2 770.1 772.0 772.5 773.0 775.6 775.8 777.7 779.8 781.8 786.5 787.3 788.1 788.4 788.5 790.0 790.9 793.0 796.5 796.6 799.2 799.6 
701.4 707.0 709.1 710.4 710.8 712.7 714.7 720.7 721.8 724.2 725.1 725.4 732.7 732.9 737.1 740.7 742.0 742.9 743.3 743.9 747.5 747.7 753.6 760.5 765.1 765.5 765.7 767.7 773.5 775.9 777.3 778.0 781.3 781.9 782.1 784.9 792.6 792.7 796.0 797.9 
700.7 701.1 701.6 703.1 703.2 706.6 706.9 713.1 716.7 721.9 723.0 725.5 727.2 728.2 728.8 729.1 729.6 730.7 732.1 732.4 732.8 734.7 734.9 735.0 736.4 736.6 741.2 744.3 754.0 758.5 759.9 762.4 763.0 763.2 767.6 768.3 770.1 770.9 772.5 774.1 774.7 775.7 777.3 778.3 782.8 783.6 787.4 790.0 792.4 
701.2 701.5 702.5 708.0 711.7 712.8 715.4 716.4 720.9 721.1 722.2 723.2 723.5 725.3 727.1 728.2 731.8 735.6 736.8 738.4 739.1 745.3 746.8 750.6 753.6 755.0 757.3 760.9 761.4 762.1 762.2 762.3 768.3 769.3 770.2 770.8 777.9 778.5 778.6 780.0 781.6 781.9 786.1 788.1 788.4 789.2 790.3 792.7 798.7 
701.4 702.9 703.5 704.5 710.9 711.8 714.2 714.4 716.1 716.4 718.9 720.7 721.1 725.0 737.6 738.5 739.5 740.7 742.5 745.3 746.1 748.4 749.2 750.1 758.1 764.7 765.0 768.9 775.0 781.7 783.8 792.0 795.0 796.2 797.0 
715.5 795.1 





















706.0 707.3 707.9 710.7 720.2 720.4 730.8 731.2 737.8 739.4 745.8 754.4 754.8 757.6 760.7 763.2 768.0 768.6 775.0 775.7 784.9 786.2 787.1 788.6 788.8 789.0 792.2 793.3 793.4 795.0 795.7 796.4 797.1 798.7 
701.9 709.3 711.9 713.3 713.6 713.7 714.2 714.8 717.4 718.6 718.7 722.1 722.8 723.5 727.3 728.1 735.9 736.9 737.1 738.4 739.1 741.3 743.1 744.2 745.7 747.0 748.3 750.4 751.6 752.5 754.8 756.5 757.0 758.1 760.4 761.3 763.1 764.1 764.7 766.0 766.1 766.8 770.1 770.6 770.9 771.7 772.1 775.1 776.3 779.1 782.6 782.7 783.0 786.7 793.5 797.0 
700.4 701.9 702.2 704.9 706.0 712.7 713.3 714.1 715.4 719.3 720.8 724.8 725.4 726.1 726.6 728.0 730.2 731.5 732.7 733.1 734.0 734.6 738.6 738.7 740.1 740.6 740.9 741.9 745.0 745.5 750.7 753.1 754.1 754.6 758.0 758.1 758.2 761.2 764.8 767.0 769.8 772.1 773.1 775.8 776.2 777.1 777.5 784.0 784.3 784.6 788.6 788.9 789.7 792.1 
700.9 701.3 707.0 709.8 710.8 712.7 713.5 717.9 718.6 718.8 719.2 719.8 721.9 727.4 731.2 732.8 734.3 735.8 736.5 739.6 740.8 741.5 743.2 752.5 764.7 766.5 767.1 767.3 778.4 778.7 779.7 783.9 789.1 789.7 791.8 792.0 792.7 793.6 798.7 799.7 
702.3 702.7 703.6 705.3 712.2 718.1 718.8 719.0 719.9 720.0 720.7 721.8 725.2 725.6 725.7 726.3 727.3 727.7 732.5 732.7 741.8 742.3 743.4 747.7 748.0 748.7 752.9 754.3 757.2 758.0 758.9 760.2 760.5 760.8 764.7 765.6 771.1 772.4 778.9 781.8 782.0 782.2 784.1 785.7 789.4 790.1 792.3 797.5 798.3 799.0 799.2 
700.5 706.6 710.8 712.1 718.8 721.4 721.5 724.0 724.5 730.6 730.9 734.6 737.4 738.2 738.9 741.3 741.8 748.4 750.8 751.9 755.2 760.3 763.1 763.3 765.9 767.5 771.7 772.0 772.3 775.0 782.2 783.6 783.9 787.7 789.1 789.8 790.7 790.8 791.8 797.5 798.6 799.4 
700.3 704.9 705.2 706.5 711.1 713.7 716.7 717.7 724.2 724.7 725.1 741.8 747.1 748.2 751.1 754.6 765.2 769.8 771.5 782.1 782.2 782.3 782.7 784.1 785.6 787.4 787.6 789.7 794.3 795.7 797.0 797.5 798.4 
704.8 717.0 720.8 728.4 730.4 731.2 732.4 734.1 734.4 742.0 745.4 751.5 754.1 758.2 759.8 766.4 766.6 770.0 772.4 780.9 783.2 783.8 786.8 798.1 



















701.7 725.9 756.1 756.7 
701.9 704.1 705.9 714.3 714.6 714.9 715.4 724.0 728.8 729.3 731.6 731.7 732.4 733.8 734.2 735.1 736.9 742.5 742.7 744.2 744.6 759.6 760.9 762.8 767.2 769.3 771.9 780.3 781.8 783.3 784.2 784.9 786.2 788.3 792.7 793.4 795.6 795.9 796.6 798.2 799.1 
700.2 704.3 704.7 706.1 709.4 709.5 709.6 710.1 713.5 713.6 714.6 715.3 716.1 719.9 721.4 722.2 722.3 725.6 726.0 726.6 727.8 731.4 736.0 738.9 743.7 746.6 756.3 757.4 757.9 759.2 760.2 760.8 765.2 767.1 769.4 772.4 772.6 776.1 780.1 781.7 786.8 790.1 790.6 791.1 792.2 794.4 794.7 797.2 797.6 797.8 798.4 
703.8 704.6 707.7 709.2 709.8 712.0 717.2 717.3 720.5 720.6 721.4 722.8 723.3 726.3 727.0 728.3 732.8 735.2 735.5 738.1 743.8 752.1 752.5 754.4 755.4 756.0 756.7 761.9 763.5 766.1 767.6 768.1 770.9 779.0 783.7 792.6 793.9 794.0 795.5 796.1 797.3 798.7 799.8 
704.5 704.8 705.4 706.7 707.2 713.5 723.1 724.5 726.1 726.4 726.5 726.8 730.6 733.8 739.4 742.1 745.6 749.0 752.1 752.5 756.8 761.2 761.9 763.6 764.6 771.1 771.2 772.6 774.0 775.7 782.6 792.0 792.1 792.2 795.5 796.5 
700.0 701.1 702.6 708.0 708.1 710.0 713.2 713.8 714.8 715.2 716.1 716.3 716.4 718.3 718.5 719.7 723.0 729.1 734.2 734.3 735.0 735.2 735.3 740.7 741.8 745.1 745.6 746.0 746.7 750.6 751.1 751.4 751.9 752.2 758.0 758.5 759.1 762.1 762.2 762.3 762.5 763.3 764.6 765.7 766.8 767.5 767.7 773.3 775.5 779.9 786.9 793.2 793.3 794.4 797.6 
702.7 703.2 703.6 708.8 710.1 710.6 710.7 717.8 718.1 719.9 721.7 724.4 724.6 730.1 731.4 732.1 733.8 738.9 742.9 743.9 744.9 746.5 748.1 756.2 757.3 758.9 759.7 762.1 763.5 763.8 766.9 768.2 770.2 774.0 775.1 775.8 778.9 780.1 780.5 780.7 782.3 783.0 783.6 783.9 786.5 788.5 792.5 792.8 793.9 798.3 798.9 799.3 799.6 799.7 
700.3 701.8 703.0 704.0 704.5 709.0 710.9 713.2 714.8 719.5 720.3 721.4 721.9 723.8 726.1 726.2 726.5 734.5 738.0 738.1 743.9 746.8 747.6 751.7 752.5 753.4 753.7 759.7 760.8 764.9 765.2 765.4 767.6 767.8 769.1 773.2 776.6 776.9 778.8 779.5 780.0 784.3 784.4 786.9 789.1 790.2 792.9 793.1 793.4 796.9 797.0 799.6 799.9 
700.7 700.9 702.9 706.1 707.2 707.4 707.7 708.7 709.4 711.6 712.0 715.3 717.9 719.7 722.0 722.3 722.5 723.7 724.6 726.3 726.6 731.7 732.3 734.3 734.8 735.0 737.8 739.0 741.2 743.2 743.3 745.1 745.7 747.1 747.4 748.9 749.5 750.1 755.1 757.5 759.0 762.4 764.4 767.8 768.2 769.9 771.8 775.1 778.5 779.0 783.0 783.2 786.8 789.1 793.4 794.5 795.2 798.9 
705.4 716.9 741.2 788.8 


















707.2 713.6 721.0 724.0 728.9 729.6 730.4 731.5 733.9 749.8 767.5 768.2 782.6 785.4 797.9 
700.1 700.9 701.9 702.5 703.5 704.8 706.6 713.3 713.8 715.7 718.6 719.1 721.5 723.1 726.1 726.2 728.9 730.2 731.8 733.7 736.5 737.8 739.7 741.4 742.6 746.2 746.4 748.1 751.9 754.3 755.2 755.8 756.7 756.9 757.5 758.4 760.0 761.2 761.3 763.2 763.5 763.8 767.6 768.4 771.2 772.7 774.2 775.6 781.9 782.3 782.7 783.1 784.3 786.1 788.1 789.4 790.0 790.9 792.6 792.7 793.1 794.9 795.2 797.1 799.8 
700.1 701.4 704.3 707.3 707.9 710.3 711.3 714.0 719.1 722.6 728.8 735.1 735.7 737.0 738.8 739.2 742.4 743.5 744.5 746.4 748.9 751.9 754.4 757.4 758.2 759.9 761.4 763.2 767.6 768.9 769.4 774.0 775.7 777.4 778.4 780.0 784.6 788.1 791.6 

702.3 725.7 743.6 768.9 
700.9 712.7 715.7 716.5 722.1 724.4 725.1 730.7 734.0 751.0 757.0 767.0 776.0 777.2 778.1 781.6 784.2 790.7 798.6 798.7 
704.1 704.8 706.3 708.3 708.6 708.9 713.0 714.7 716.3 718.4 721.2 724.5 727.9 728.3 730.8 732.1 736.5 742.7 745.2 745.7 746.4 747.7 749.8 750.5 750.7 753.1 757.4 760.7 762.1 764.5 767.3 767.9 772.0 772.5 776.1 777.1 779.0 781.9 783.3 784.2 784.9 787.2 793.5 794.0 796.5 796.6 799.0 
701.1 702.1 702.6 705.8 708.1 709.3 709.7 710.2 711.8 713.2 723.8 727.3 727.5 729.2 730.1 730.2 730.6 733.6 736.0 739.5 740.8 744.7 745.4 748.1 752.7 754.7 756.7 759.5 761.2 761.8 763.5 765.5 765.9 768.1 769.8 771.2 773.2 774.7 777.0 778.4 779.0 779.6 780.5 782.2 785.7 786.0 790.8 793.5 797.8 798.7 799.6 
706.6 709.3 710.1 710.6 711.5 712.5 716.0 717.2 718.4 719.4 720.3 720.5 726.4 727.9 728.0 728.5 729.9 730.5 733.5 735.9 741.3 742.8 743.3 746.5 753.8 755.1 757.4 757.5 760.3 763.5 764.9 767.2 767.6 772.7 773.8 777.0 781.3 782.4 786.6 787.9 788.1 793.8 796.3 797.0 798.4 
700.9 705.9 707.8 709.2 709.8 711.3 712.3 714.9 719.9 723.0 725.6 726.1 726.3 730.8 731.0 731.7 732.5 737.5 742.5 743.5 745.5 747.7 752.2 753.6 756.0 758.0 761.4 764.8 765.6 766.4 766.6 770.3 777.8 779.9 782.5 784.0 784.6 785.8 787.5 794.5 
739.7 748.8 799.3 

















705.9 717.0 720.1 730.2 731.3 743.2 744.4 745.7 750.6 753.7 758.2 759.1 762.2 765.2 774.8 778.9 799.1 
702.9 705.6 707.3 711.6 712.6 712.7 714.5 717.0 717.4 721.0 721.1 722.2 724.2 725.7 725.8 726.9 727.5 728.9 729.3 730.0 732.9 738.8 741.0 741.4 744.0 747.4 747.5 754.4 755.0 755.1 755.5 757.3 758.2 758.5 759.6 760.2 760.6 761.3 764.4 768.8 769.3 770.2 772.0 772.4 772.8 773.9 777.0 777.2 777.9 781.1 785.8 786.2 789.3 789.5 790.2 791.8 792.2 
709.7 717.1 742.0 742.8 745.2 758.1 765.7 771.8 772.5 780.9 784.6 788.8 791.1 



701.5 709.9 710.6 711.0 712.0 713.5 713.7 715.6 717.5 719.7 725.0 729.0 730.4 735.2 736.1 738.5 740.3 760.9 771.1 771.2 773.0 776.1 778.5 781.9 785.2 791.5 
702.5 704.0 707.5 708.7 718.4 718.7 718.8 718.9 722.6 724.0 724.8 726.4 727.3 728.2 730.0 732.6 738.6 740.3 742.1 742.6 743.9 745.9 746.2 751.4 751.7 755.6 756.7 756.8 759.6 760.2 761.6 764.4 765.6 766.7 767.8 769.3 769.8 770.6 770.8 771.4 771.8 772.3 775.3 775.9 776.1 779.6 779.8 783.2 792.2 792.4 792.6 794.3 794.5 
700.9 701.6 702.1 710.1 711.2 711.6 716.2 721.9 725.4 726.0 731.7 732.1 732.5 733.6 736.8 740.6 742.3 744.5 745.7 746.7 750.4 752.0 765.5 771.5 772.9 773.9 774.8 778.0 781.6 783.8 783.9 786.1 786.7 788.3 788.4 794.4 796.8 798.9 799.6 
703.8 705.1 712.1 713.4 714.5 718.7 720.8 721.4 725.7 726.1 729.6 733.2 735.1 737.8 740.9 744.9 746.7 754.9 757.1 760.6 761.5 764.1 767.3 769.4 771.3 771.4 771.6 772.5 774.0 774.4 775.8 781.4 782.6 785.7 786.3 787.2 787.3 787.5 788.6 790.2 799.9 
710.2 776.4 

















702.9 705.7 709.1 711.5 713.4 718.2 723.1 724.7 729.4 731.7 732.9 734.3 747.9 751.4 753.2 757.0 760.8 761.5 762.6 764.6 769.4 770.7 771.9 774.7 783.9 785.7 787.3 788.7 791.7 793.3 797.9 798.3 799.0 799.5 
705.1 713.9 714.3 716.8 718.6 722.0 722.2 724.7 725.9 726.3 726.6 728.2 731.3 733.5 733.9 735.9 736.4 741.9 742.3 742.7 748.0 749.0 749.4 750.0 754.2 756.6 761.1 761.6 765.2 765.3 770.2 772.1 775.1 778.3 779.9 780.3 781.8 783.9 784.2 784.9 789.0 792.4 792.5 793.6 794.4 795.5 
706.8 707.9 712.7 717.3 722.4 722.6 723.5 725.9 729.5 738.3 739.0 752.2 760.4 762.0 768.8 771.0 773.6 775.4 778.5 779.8 780.9 781.6 781.9 782.0 782.8 784.6 785.0 786.7 789.6 790.8 793.2 794.0 797.9 



706.6 706.7 709.1 710.4 713.1 714.3 715.7 717.7 718.6 720.7 721.7 722.3 725.0 725.7 734.7 739.1 739.7 740.0 741.5 741.9 742.9 743.3 743.8 745.0 746.4 748.3 749.9 753.1 753.3 754.9 755.0 755.5 756.4 757.0 758.1 758.8 759.6 760.3 763.5 773.7 774.1 776.2 777.1 777.3 778.3 779.8 780.7 787.8 792.9 
710.4 715.7 716.4 717.7 719.3 721.1 723.5 726.8 727.3 731.1 735.4 736.5 736.6 739.3 740.1 740.7 741.6 744.0 745.0 752.8 753.0 758.9 764.5 765.5 768.8 770.8 774.9 782.7 783.6 783.7 784.2 784.6 793.2 796.0 796.7 797.8 
701.1 704.0 706.4 706.5 707.0 709.1 714.3 715.3 717.4 721.5 721.9 723.0 723.8 725.5 726.0 728.1 728.4 729.5 731.8 734.9 735.1 738.1 740.3 741.4 741.9 743.2 743.7 744.8 746.9 747.5 748.9 749.1 749.9 753.1 757.4 760.7 761.4 765.0 767.1 767.4 768.3 768.4 770.0 774.8 775.3 778.0 783.8 784.3 788.9 790.9 794.3 794.6 795.1 799.1 799.5 
700.2 705.6 706.7 710.0 714.0 715.4 719.8 726.4 726.8 728.2 730.9 732.7 734.2 738.4 745.0 747.0 747.2 747.3 750.4 755.6 756.7 758.4 759.7 761.3 763.1 763.3 773.4 779.1 779.7 782.2 782.4 789.3 790.0 


















704.2 707.8 711.5 716.2 719.4 722.0 727.0 729.7 732.6 740.0 743.1 743.2 747.3 749.7 751.8 758.0 763.1 767.5 795.7 
700.0 701.1 702.4 704.0 704.3 708.9 710.7 711.9 713.4 719.0 719.3 719.8 719.9 720.4 729.3 730.4 734.1 735.2 736.5 737.6 740.9 741.5 745.0 755.1 756.9 757.6 758.0 758.3 771.8 773.3 775.2 776.7 778.4 779.9 788.7 791.0 791.1 791.6 794.9 797.7 798.8 
700.2 701.1 705.1 705.4 708.9 709.5 710.4 711.0 714.0 716.3 716.6 717.4 718.3 721.8 726.0 726.6 728.5 730.9 733.6 734.8 736.2 739.2 745.6 761.1 770.3 771.6 771.8 776.1 776.9 779.7 780.0 784.8 784.9 786.8 792.5 793.2 793.5 794.6 796.8 799.4 
707.4 707.8 708.4 716.0 735.8 741.0 741.8 746.8 766.2 775.8 790.6 796.7 
712.7 730.6 735.5 766.1 768.2 771.0 773.9 774.4 786.1 787.8 
700.5 701.1 702.1 708.5 710.8 712.0 727.1 741.7 741.8 744.2 744.3 755.5 759.5 761.1 769.3 782.4 782.7 783.8 785.8 786.3 786.9 790.1 792.7 797.4 799.9 
700.3 701.4 703.8 707.1 708.6 709.0 709.7 710.1 710.4 712.0 716.1 721.0 721.3 721.9 723.6 724.9 727.7 727.9 730.0 734.6 735.1 736.0 736.5 738.8 739.6 740.8 740.9 741.4 741.7 742.5 744.3 745.8 747.8 748.1 752.1 753.5 754.6 755.8 756.1 758.7 759.7 763.5 764.7 772.3 773.5 776.5 779.5 781.2 784.2 785.0 786.6 787.6 791.6 794.5 794.6 796.0 
701.4 702.1 703.8 704.0 704.4 710.3 712.3 714.9 715.2 715.6 718.8 721.3 723.9 725.5 726.7 729.3 729.9 733.3 739.2 741.6 745.3 752.8 756.7 758.6 759.1 769.0 771.3 773.6 778.6 780.6 782.5 782.8 784.1 786.3 786.5 787.7 788.4 789.3 791.4 795.9 797.3 799.3 
701.4 706.1 706.5 707.6 714.7 714.8 716.2 721.0 721.5 721.6 724.1 725.1 731.8 740.0 741.8 742.3 743.7 744.4 745.2 746.4 748.6 748.7 753.4 754.5 755.3 756.8 759.3 763.2 763.7 764.1 765.9 768.4 768.6 772.9 773.1 774.2 774.4 774.9 775.7 779.6 783.6 785.4 786.0 789.2 791.7 793.0 793.4 794.9 796.7 797.3 797.4 798.6 798.8 799.8 799.9 
703.1 713.1 714.6 723.4 724.1 725.3 725.4 728.1 729.0 729.4 730.8 731.0 735.4 735.6 737.7 745.7 746.4 746.9 748.3 752.3 752.5 754.4 755.2 756.6 758.9 759.9 762.6 770.5 770.6 771.2 771.8 779.2 780.6 781.9 783.8 784.4 786.2 787.4 792.6 795.5 798.8 798.9 799.4 
700.1 727.4 733.1 738.2 748.1 

















737.4 744.9 768.3 777.5 779.1 
702.5 703.7 704.3 713.1 716.0 720.5 721.0 721.9 724.1 724.6 724.8 731.5 735.2 737.8 737.9 738.8 741.2 743.9 748.0 752.7 753.9 754.5 755.4 760.5 760.6 769.6 773.2 773.3 776.6 777.9 784.3 789.3 794.7 796.0 
704.0 704.2 706.0 706.2 706.4 707.2 711.0 715.2 722.9 723.5 726.7 727.7 728.2 730.6 732.4 733.1 733.6 733.8 734.1 735.2 736.4 737.4 739.5 741.4 741.6 745.0 754.5 757.9 758.9 761.3 761.8 765.7 765.9 768.9 770.5 770.6 776.1 780.9 782.2 783.5 787.8 788.9 789.3 790.5 791.5 793.6 795.2 795.9 798.7 799.4 799.7 
700.0 700.5 700.7 702.8 704.0 706.2 707.4 709.0 715.4 718.8 722.2 722.9 723.3 723.7 728.3 731.5 732.5 742.4 744.1 744.3 745.7 746.0 748.0 748.9 750.3 752.3 754.4 756.7 756.8 759.3 762.2 763.1 766.1 766.2 769.9 770.3 771.2 771.5 773.4 774.4 775.6 776.6 777.5 778.0 779.3 780.4 781.3 784.5 784.9 785.2 788.8 790.9 793.1 797.0 797.7 
704.3 710.1 712.5 717.6 719.0 719.4 720.6 722.1 723.4 724.7 727.3 728.0 735.5 741.7 743.4 743.9 744.7 745.9 749.9 755.7 756.8 758.1 758.9 759.5 759.6 759.9 760.8 763.4 768.8 775.2 779.5 780.5 784.4 786.0 788.3 791.0 792.9 793.0 796.6 
706.7 710.6 714.1 716.0 716.1 716.3 721.4 722.1 722.7 723.6 728.7 730.2 736.5 737.5 738.3 739.2 745.1 745.2 746.6 746.8 747.9 749.4 752.8 756.5 762.0 764.3 766.1 766.5 779.0 783.8 784.1 784.7 787.2 789.2 791.3 791.7 791.9 794.5 797.8 798.9 
702.2 703.0 710.4 715.7 716.8 717.5 729.0 735.0 742.8 746.9 749.8 755.0 755.1 755.4 770.5 772.9 773.4 775.7 778.6 779.3 780.5 784.3 785.6 788.4 791.4 792.5 793.6 799.2 
704.4 716.5 735.6 743.6 763.5 772.1 781.1 
700.7 714.9 718.2 721.6 723.5 723.6 725.1 728.4 728.5 735.6 737.7 738.8 739.2 742.6 744.3 746.5 747.6 748.5 750.6 750.9 751.1 752.6 753.2 755.7 756.8 762.1 763.2 763.3 763.4 765.4 768.8 772.4 772.8 774.6 776.0 777.3 780.6 789.3 791.4 794.9 795.7 
702.1 703.6 703.9 704.9 705.0 708.4 711.5 714.9 719.8 721.2 722.7 723.0 723.8 725.7 727.7 729.1 731.2 731.6 735.1 735.9 740.4 741.8 742.3 744.9 746.4 747.1 747.5 749.2 749.5 752.3 752.4 753.9 760.1 760.2 761.3 761.7 762.2 762.3 763.0 766.4 767.3 769.3 770.1 770.2 771.2 772.4 774.2 774.5 774.7 776.9 782.0 784.7 785.7 786.6 787.0 790.5 795.9 799.8 
701.3 703.5 712.3 716.0 717.0 719.7 722.9 725.6 726.1 729.2 730.6 731.1 732.8 733.7 733.8 737.8 738.6 739.3 753.2 753.6 757.3 764.8 765.4 768.0 771.7 771.9 774.2 779.8 791.1 791.9 796.2 799.9 


















702.8 704.0 706.6 709.6 710.1 715.8 740.0 754.1 754.4 762.3 772.2 781.4 785.9 787.4 787.7 793.1 795.2 798.4 
700.4 700.7 700.9 704.8 707.1 710.0 713.8 718.2 725.9 730.9 734.8 735.3 736.2 737.8 739.1 740.5 743.7 745.6 745.7 747.5 749.3 750.5 752.5 752.7 760.2 760.9 762.0 763.7 764.3 764.4 767.9 768.9 769.9 773.0 777.2 779.7 781.0 781.9 783.7 784.1 784.2 784.9 785.3 785.5 785.9 787.8 799.3 
700.9 702.2 702.9 705.3 709.6 714.5 715.4 715.8 715.9 722.4 722.9 723.4 727.8 728.9 729.4 730.8 731.5 737.3 741.8 743.8 744.7 748.2 749.0 752.8 757.6 758.5 759.1 759.7 762.3 763.0 765.2 766.6 771.2 776.4 776.9 780.0 783.5 786.6 790.6 791.0 792.3 792.8 795.4 795.8 796.5 796.6 
704.1 704.9 708.5 709.8 710.2 712.8 718.6 721.8 722.0 723.5 723.9 726.8 728.8 729.2 731.1 732.9 733.1 734.0 735.9 740.9 743.4 748.1 749.1 749.4 751.1 755.3 755.9 757.1 758.5 759.4 765.1 766.1 766.7 768.4 768.7 768.9 771.6 771.7 774.2 776.2 776.9 777.6 779.1 780.8 784.9 785.3 785.4 786.8 789.3 790.8 792.6 794.3 794.8 795.5 795.7 797.2 797.7 
711.8 714.1 717.3 719.4 721.4 721.7 722.8 723.7 727.7 729.9 730.5 736.5 738.2 738.6 739.5 746.3 747.7 753.7 754.3 757.3 763.0 763.9 766.7 766.9 767.8 776.0 780.1 780.3 780.5 783.0 792.8 792.9 795.9 
714.6 

704.7 705.7 715.0 723.7 724.2 726.1 733.3 738.2 742.1 751.2 754.3 761.4 762.5 763.9 764.5 773.8 779.0 781.0 782.2 785.9 787.2 788.5 791.8 793.6 793.7 794.6 795.2 
703.7 703.9 704.0 704.9 705.7 706.3 706.9 707.2 714.4 714.5 716.4 718.3 722.2 724.1 725.7 729.4 730.6 731.0 733.6 735.1 741.0 741.8 742.2 742.5 744.8 746.0 747.1 750.2 751.1 751.4 753.3 753.8 755.5 756.7 756.8 759.5 760.2 761.0 761.3 761.5 762.3 763.9 764.8 765.6 765.9 767.4 768.2 770.6 771.0 771.5 771.9 773.0 774.2 774.4 783.2 784.6 785.7 789.7 792.1 792.8 792.9 793.0 795.1 796.3 798.8 799.9 
700.6 702.6 703.7 709.5 710.1 710.5 710.8 715.2 718.2 719.4 721.2 721.9 725.7 732.1 734.5 736.3 737.9 738.4 738.8 738.9 746.4 748.4 751.9 753.3 754.2 755.3 756.5 760.8 761.6 764.9 767.9 771.7 772.1 772.8 776.5 788.7 792.9 797.7 797.9 
709.1 712.3 718.0 723.7 741.7 775.2 799.2 


















711.2 759.3 770.4 771.7 791.5 
700.5 701.3 705.2 708.6 708.8 718.4 722.0 728.9 729.8 732.2 732.8 734.5 737.0 737.9 748.4 750.0 753.8 757.3 766.7 771.5 779.0 780.0 786.2 788.6 789.2 796.7 797.6 799.3 
712.3 720.3 720.6 723.2 723.8 732.3 735.8 741.1 743.8 749.3 752.0 752.7 757.3 758.9 762.4 774.3 774.7 774.8 783.2 795.2 
791.3 


710.8 794.8 
704.1 707.3 708.5 712.3 715.8 721.1 729.7 731.9 736.2 737.3 749.3 751.5 753.3 753.9 761.2 761.3 762.4 764.0 767.6 774.7 775.9 779.5 789.4 791.7 792.3 792.4 793.4 793.6 794.6 795.4 
700.1 701.4 703.0 703.3 706.4 709.6 712.7 713.8 714.4 715.2 720.4 723.0 724.3 725.1 727.9 729.7 730.1 731.4 735.1 736.3 738.5 739.7 740.9 742.5 747.3 748.6 750.0 752.3 752.8 754.6 755.0 755.2 756.1 758.2 758.6 759.4 761.8 762.3 765.2 766.0 768.6 771.8 774.4 774.7 775.1 775.2 777.8 779.4 782.4 782.5 784.0 784.7 786.2 786.6 786.7 790.0 790.4 791.1 791.8 793.7 795.5 796.5 
702.5 702.6 703.0 704.5 705.6 710.3 713.1 717.3 722.9 723.4 724.1 725.9 749.9 753.0 753.6 759.7 760.7 763.7 763.9 766.8 769.3 769.5 771.9 777.9 778.3 779.5 785.0 790.7 794.0 795.9 799.4 799.8 

























704.7 705.2 706.0 722.7 727.1 736.3 743.4 743.7 747.9 763.2 764.4 767.0 768.6 774.0 798.6 
700.4 707.4 711.0 712.3 712.4 714.8 721.6 725.1 729.3 733.0 736.2 737.2 740.5 740.7 740.9 741.8 743.6 744.6 746.8 750.8 751.7 763.1 765.1 766.5 769.2 769.9 770.8 771.6 771.8 774.4 775.3 775.9 778.4 780.1 787.3 788.0 791.6 792.0 
700.0 701.4 703.6 708.5 711.2 712.1 713.4 713.6 715.7 717.6 719.6 721.9 722.6 723.8 728.2 728.3 731.5 735.2 738.5 738.9 744.3 746.6 747.3 748.1 748.3 748.6 751.2 753.3 756.7 758.4 760.0 761.5 764.2 766.5 773.6 778.9 779.6 780.0 780.1 780.2 784.3 790.1 791.3 792.6 797.9 799.2 799.9 
711.9 715.4 747.4 766.1 766.6 779.1 783.5 797.2 

























702.3 703.1 703.4 703.7 706.7 709.5 717.7 717.9 722.7 723.7 729.3 735.1 747.5 752.3 754.8 755.5 756.1 758.4 759.1 760.4 761.9 764.6 775.7 782.1 792.9 796.7 797.2 797.8 798.3 798.9 799.3 
703.5 712.1 714.1 719.5 719.6 721.0 722.2 724.5 728.2 728.4 729.9 731.0 735.7 736.7 736.8 740.2 741.7 742.4 745.4 748.1 749.2 750.5 751.0 753.1 755.5 759.2 759.9 764.8 765.0 765.5 768.5 768.6 769.7 772.1 772.2 772.5 781.1 782.9 783.7 787.4 790.7 792.3 792.6 795.9 
700.4 703.1 704.1 704.8 708.2 717.1 720.6 725.7 733.8 736.1 737.7 739.7 748.8 749.0 758.4 759.0 759.8 761.7 761.8 763.9 775.9 777.2 779.2 779.3 779.7 783.3 

























709.6 724.7 724.9 730.7 735.4 744.8 760.6 764.8 773.7 773.9 779.9 796.2 
701.3 702.1 702.2 705.5 709.4 710.1 712.6 713.7 715.8 716.7 719.3 721.4 722.4 724.0 728.8 732.1 732.2 734.6 738.2 743.8 744.4 746.3 748.7 750.6 751.7 753.7 758.1 763.4 766.1 766.2 768.8 769.0 775.4 776.1 777.9 778.8 780.1 781.4 784.6 789.1 792.0 792.3 795.2 
701.5 701.8 703.7 704.4 709.5 710.0 710.5 710.9 712.2 715.1 718.5 720.0 721.0 721.5 722.3 723.4 723.5 726.1 726.7 729.4 734.2 734.5 736.1 736.8 737.6 738.2 739.8 743.7 745.1 745.3 747.1 747.3 748.1 751.6 755.7 756.8 760.7 761.2 763.0 764.6 767.3 771.7 773.7 774.2 776.6 776.9 777.2 781.4 788.4 791.4 795.4 797.9 
700.6 703.8 714.1 742.3 759.0 769.9 777.4 778.4 

























709.0 711.9 715.1 727.1 749.1 750.1 753.6 754.4 754.5 761.0 763.5 764.0 766.2 767.9 773.9 776.1 780.9 781.0 785.0 788.8 791.7 794.4 797.0 
703.7 708.4 709.8 710.1 711.0 713.5 716.3 717.5 719.5 720.3 721.1 722.1 725.5 726.3 726.4 726.7 728.1 728.7 730.1 730.4 733.6 734.0 735.9 736.2 736.7 737.6 739.7 739.9 740.4 743.8 748.6 748.7 748.8 757.8 758.8 759.7 761.7 762.2 766.1 766.3 767.0 767.1 771.0 773.7 774.8 774.9 778.1 779.8 779.9 781.9 784.5 785.2 785.7 787.5 788.9 789.3 789.6 792.0 793.6 793.9 796.2 796.4 799.1 
705.8 711.5 711.7 712.0 714.3 719.8 720.2 721.2 723.1 724.9 725.4 728.4 729.0 729.6 734.1 734.8 734.9 739.9 743.5 763.9 765.4 783.0 791.9 792.0 793.8 795.1 795.9 798.5 798.8 
747.3 
























731.8 765.5 768.3 779.4 
701.3 703.4 704.2 710.4 712.4 718.6 721.3 722.3 722.7 726.4 729.3 731.0 732.1 734.2 738.4 738.9 739.5 741.2 741.7 744.0 744.2 745.8 746.6 747.9 755.4 759.6 760.2 764.2 765.1 766.3 767.4 770.7 777.7 779.2 779.3 779.8 785.1 785.4 788.9 792.4 796.6 
701.1 706.6 707.9 708.6 710.1 711.2 711.3 712.1 712.6 712.9 714.1 714.2 714.8 718.2 723.8 725.8 726.9 731.8 732.5 736.4 741.1 743.3 753.6 757.0 759.3 759.9 762.8 763.3 763.7 772.5 772.7 778.3 779.5 782.7 783.7 785.8 789.0 791.3 793.0 796.9 797.1 797.4 797.6 798.0 798.4 799.1 799.7 
746.5 760.4 765.5 

























713.5 725.6 731.6 740.8 746.7 
701.0 704.2 705.4 706.1 709.7 710.4 714.7 717.4 717.9 718.3 720.0 720.3 720.6 720.7 721.4 721.7 722.6 723.8 724.1 727.0 728.6 728.9 729.9 732.7 734.0 736.9 742.3 747.8 748.0 751.6 752.2 754.6 754.8 754.9 755.5 755.7 756.3 757.5 760.2 762.7 765.9 770.7 770.8 774.0 778.0 779.6 784.5 785.9 786.6 787.0 793.4 794.8 795.6 796.2 796.4 796.9 797.4 
703.6 703.9 706.2 709.5 712.9 714.4 716.9 720.0 725.9 727.0 729.6 736.2 736.4 738.9 745.3 746.5 756.2 757.5 760.3 760.4 761.6 764.5 765.3 766.6 770.5 771.1 772.7 773.1 773.9 774.0 774.6 785.2 791.3 794.4 795.2 798.8 


























700.0 703.9 705.3 713.1 714.4 717.3 718.8 723.6 724.5 727.6 733.3 734.2 735.5 735.7 740.6 741.0 758.5 760.5 761.0 761.5 762.5 763.2 763.8 768.9 770.3 771.0 777.5 782.4 782.7 788.1 791.4 793.7 794.2 
702.5 705.3 706.0 710.7 711.7 713.2 714.4 715.1 716.5 716.7 717.2 718.5 720.4 720.6 726.6 730.4 733.9 735.8 736.6 738.7 740.4 741.5 741.7 745.3 746.5 746.6 758.0 758.4 759.3 761.3 764.6 766.1 768.1 770.2 771.5 772.5 774.4 775.5 776.3 776.7 779.0 780.2 780.8 782.7 784.6 785.6 787.2 788.3 790.5 793.1 793.3 793.9 794.0 794.8 
704.5 704.6 708.4 716.8 725.7 725.9 726.3 727.2 728.3 732.5 738.5 761.5 762.4 778.9 780.4 790.2 

























791.0 
707.1 709.5 710.3 710.7 712.7 713.6 714.9 716.3 716.9 721.0 723.8 726.6 731.0 731.7 732.2 733.5 733.9 734.7 736.9 737.4 738.2 738.3 741.8 742.8 744.7 747.0 749.5 750.0 751.2 753.7 761.0 762.1 762.9 764.9 766.4 766.8 772.9 773.9 775.7 776.6 780.0 780.1 780.9 781.5 785.2 787.7 788.1 789.2 790.6 793.5 794.0 794.1 798.9 799.2 799.4 
710.4 711.9 716.2 717.3 721.8 722.2 724.8 731.0 737.8 738.9 740.6 763.4 775.4 789.3 793.7 




























































