784



















































































































































































1604.8 1625.7 1627.2 1630.1 1652.7 1661.9 1681.1 1691.2 1694.2 
1601.0 1605.8 1609.7 1610.6 1614.2 1616.7 1620.3 1622.3 1627.7 1640.8 1641.6 1642.8 1643.5 1647.6 1648.3 1655.9 1656.1 1659.0 1663.5 1665.8 1669.5 1670.4 1677.5 1681.1 1683.8 1683.9 1686.6 1690.9 1692.4 1693.2 
1601.5 1601.8 1608.8 1610.9 1611.2 1613.5 1615.4 1617.5 1618.0 1619.4 1622.6 1625.0 1626.4 1627.6 1628.1 1628.3 1631.2 1632.0 1632.1 1634.4 1634.8 1639.0 1639.5 1639.8 1646.0 1651.5 1653.5 1658.0 1659.9 1662.1 1663.2 1666.3 1670.4 1670.7 1674.9 1675.3 1675.4 1679.3 1683.5 1690.4 1691.3 1694.0 1696.1 
1600.1 1600.8 1601.5 1604.9 1606.5 1609.1 1614.7 1614.9 1619.0 1619.5 1620.9 1621.7 1622.3 1623.3 1627.1 1630.8 1631.8 1632.0 1632.5 1632.6 1636.4 1637.4 1637.5 1637.9 1638.2 1639.1 1639.7 1641.1 1643.8 1646.0 1646.8 1647.2 1647.6 1648.5 1650.4 1652.4 1653.1 1654.1 1656.3 1658.2 1659.2 1662.1 1663.8 1664.4 1667.1 1668.1 1668.4 1670.3 1670.6 1672.0 1672.1 1673.3 1673.9 1676.5 1677.7 1678.6 1679.4 1681.2 1681.9 1684.1 1685.8 1687.1 1689.9 1691.3 1691.5 1692.2 1694.0 1699.0 1699.9 
1601.0 1601.2 1601.6 1604.9 1611.7 1616.2 1619.0 1620.0 1620.5 1623.6 1625.0 1626.2 1626.7 1628.3 1628.4 1629.6 1632.8 1633.3 1633.8 1635.8 1636.7 1638.4 1638.6 1641.0 1641.7 1642.7 1644.7 1655.1 1658.7 1666.4 1671.0 1671.3 1672.7 1677.1 1678.4 1678.6 1680.4 1682.5 1683.0 1685.0 1687.7 1695.0 1697.0 
1610.2 1611.5 1611.8 1619.6 1619.9 1621.3 1625.8 1632.9 1637.7 1639.2 1639.3 1641.6 1649.0 1656.1 1660.4 1661.4 1662.8 1668.0 1671.3 1672.1 1672.4 1673.4 1675.3 1677.2 1681.1 1681.2 1685.9 1690.1 1693.2 1694.5 1695.3 1696.7 1697.7 1698.1 1698.2 




















1607.9 1637.6 1646.1 1677.4 
1607.0 1609.3 1611.9 1623.7 1625.3 1635.3 1636.0 1637.1 1638.1 1638.7 1641.7 1647.3 1648.0 1654.5 1655.7 1656.9 1658.2 1665.5 1667.5 1668.6 1669.7 1671.5 1672.0 1678.0 1679.3 1690.0 1690.6 1695.0 
1600.2 1602.9 1604.8 1605.5 1606.4 1606.9 1607.3 1610.3 1611.9 1612.8 1614.6 1614.9 1615.6 1618.0 1618.1 1620.9 1623.2 1626.8 1628.4 1628.9 1630.4 1631.1 1631.2 1631.5 1632.7 1633.9 1634.3 1635.4 1637.7 1638.3 1640.3 1641.5 1646.6 1650.6 1653.5 1653.6 1655.0 1656.0 1656.7 1659.6 1663.3 1663.7 1667.3 1671.0 1671.2 1676.6 1676.7 1678.0 1678.5 1682.6 1683.1 1684.8 1686.2 1688.5 1689.2 1689.5 1692.7 1693.9 1694.6 1695.6 
1603.0 1604.5 1605.1 1607.0 1608.3 1609.9 1610.8 1612.7 1613.9 1614.1 1614.5 1615.9 1616.5 1617.9 1619.6 1626.6 1628.5 1635.9 1636.9 1637.0 1646.7 1646.8 1647.5 1648.7 1649.7 1651.9 1654.9 1655.5 1658.2 1660.6 1660.7 1663.4 1664.0 1664.2 1665.3 1669.5 1670.0 1673.7 1674.0 1677.6 1686.9 1687.5 1687.7 1691.3 1692.8 1694.0 1695.0 
1600.7 1601.2 1602.5 1603.5 1604.0 1604.4 1605.7 1608.4 1611.5 1613.2 1613.4 1616.1 1616.2 1616.6 1616.9 1619.9 1623.1 1629.8 1639.1 1640.5 1640.7 1642.2 1650.3 1653.3 1655.9 1656.8 1658.8 1661.8 1666.0 1667.9 1668.3 1669.9 1672.7 1678.7 1678.8 1679.5 1684.5 1685.4 1686.4 1688.9 1690.1 1692.5 1692.6 1693.2 1694.2 
1600.3 1600.8 1602.4 1605.1 1605.9 1607.5 1609.6 1617.8 1621.0 1623.3 1626.0 1627.1 1633.5 1634.5 1634.6 1639.0 1639.8 1640.8 1641.0 1641.1 1641.3 1643.3 1646.9 1647.0 1648.5 1651.7 1655.7 1659.6 1661.3 1661.9 1667.7 1668.1 1669.4 1672.7 1679.0 1679.6 1682.7 1684.6 1685.2 1686.1 1686.5 1689.7 1692.4 1694.3 1697.0 1698.1 1699.0 
1600.6 1604.7 1605.9 1610.0 1610.2 1613.1 1613.2 1616.5 1622.5 1626.4 1627.8 1628.7 1628.9 1629.2 1629.4 1632.0 1632.6 1633.2 1634.4 1637.2 1642.0 1644.5 1646.0 1646.4 1649.5 1650.2 1657.1 1658.0 1658.7 1661.1 1661.4 1661.8 1662.6 1664.1 1674.9 1680.6 1681.4 1681.8 1683.5 1685.9 1687.1 1687.9 1692.8 1693.4 1693.6 1693.8 1694.0 1696.5 1696.7 
1603.8 1605.1 1610.7 1617.8 1618.4 1620.8 1620.9 1621.7 1624.5 1624.9 1625.2 1626.4 1633.8 1637.1 1637.9 1640.9 1642.9 1646.0 1646.4 1649.1 1649.3 1649.4 1651.1 1655.7 1663.8 1666.5 1667.6 1669.7 1671.5 1673.8 1675.0 1675.2 1679.6 1686.6 1687.0 1688.2 1690.6 1693.9 1694.6 1695.1 1696.3 1699.6 
1610.3 1611.2 1616.6 1625.3 1632.0 1641.2 1661.6 1668.8 1672.4 1678.3 1684.4 1693.7 1696.0 


















1622.4 1659.4 1684.0 
1601.6 1607.0 1610.0 1610.1 1613.0 1613.9 1617.4 1633.7 1634.2 1635.9 1642.0 1643.4 1644.4 1645.6 1646.2 1648.3 1648.4 1649.2 1651.1 1654.7 1661.1 1661.9 1663.9 1665.5 1667.2 1672.5 1673.1 1679.3 1679.5 1683.9 1687.9 1691.3 1691.4 1692.3 1692.7 1694.4 1696.9 1698.0 1699.3 
1603.2 1608.5 1608.7 1611.8 1615.4 1617.3 1619.9 1625.9 1627.0 1629.0 1632.2 1633.1 1634.7 1635.3 1636.5 1639.2 1640.1 1641.0 1642.3 1643.1 1643.4 1645.0 1648.1 1648.4 1650.0 1651.1 1652.7 1654.5 1656.2 1658.5 1658.9 1663.9 1667.4 1667.9 1669.6 1670.4 1674.6 1675.8 1676.4 1679.3 1680.8 1681.8 1684.3 1686.1 1687.3 1688.9 1690.0 1693.6 1694.0 1696.7 1697.5 1697.8 1698.3 
1600.1 1601.5 1602.0 1604.0 1604.2 1604.3 1611.7 1613.3 1614.3 1615.4 1617.9 1619.0 1619.5 1623.0 1635.2 1641.2 1642.5 1644.2 1646.6 1653.8 1655.6 1660.9 1661.7 1663.0 1665.0 1669.2 1671.2 1674.6 1675.5 1677.1 1679.8 1681.7 1681.9 1684.7 1685.1 1685.7 1688.0 1690.0 1695.1 
1609.7 1638.0 1639.6 1646.1 1649.4 1650.6 1656.7 1669.1 1674.2 1678.1 1679.8 1679.9 1690.2 1692.8 1695.7 1695.8 
1635.5 1638.4 

1600.3 1600.7 1611.1 1615.9 1618.6 1697.5 
1602.4 1604.3 1613.0 1615.2 1615.4 1621.0 1627.8 1630.5 1632.1 1634.1 1637.8 1641.8 1646.5 1653.8 1654.3 1654.5 1655.6 1662.4 1667.3 1670.2 1670.4 1673.6 1674.0 1675.6 1679.7 1684.5 1685.5 1687.7 1688.8 1690.7 1693.3 
1601.0 1612.3 1621.0 1621.5 1623.9 1625.6 1627.0 1628.4 1630.2 1634.6 1640.0 1641.3 1642.9 1643.0 1643.1 1650.5 1652.5 1652.6 1658.5 1658.9 1660.1 1662.2 1662.8 1664.3 1665.8 1666.4 1668.1 1677.7 1677.9 1680.9 1682.1 1685.9 1689.6 1692.7 1696.7 1699.1 1699.9 
1606.9 
1608.9 1622.0 1623.0 1627.9 1635.5 1661.8 1662.2 1670.2 1672.1 1673.0 1673.9 1675.6 1679.2 1682.6 1699.8 
1603.6 1605.7 1613.7 1614.9 1640.8 1646.3 1650.0 1653.6 1656.5 1669.1 1677.7 1685.0 















1602.3 1604.3 1607.4 1609.0 1611.7 1619.2 1628.0 1632.0 1648.8 1654.2 1657.2 1662.9 1672.8 1680.3 1685.9 1691.3 
1606.7 1607.3 1612.6 1613.7 1615.3 1619.3 1619.4 1623.4 1625.9 1628.1 1629.3 1629.7 1631.9 1632.4 1634.7 1635.7 1636.4 1639.4 1640.1 1648.2 1652.3 1652.4 1652.8 1661.1 1664.3 1664.7 1664.9 1670.0 1674.1 1674.7 1676.7 1678.6 1680.0 1684.2 1686.1 1686.9 1687.3 1688.1 1689.4 1693.1 1699.7 
1602.5 1605.7 1606.5 1608.9 1609.5 1610.7 1611.8 1613.4 1619.9 1621.3 1629.8 1629.9 1632.3 1634.8 1637.0 1639.6 1640.7 1642.2 1644.9 1647.6 1649.2 1649.4 1650.9 1652.1 1657.4 1659.3 1663.5 1663.8 1668.4 1672.0 1672.6 1673.6 1675.5 1676.8 1678.0 1678.9 1679.3 1683.8 1684.4 1684.8 1685.1 1685.4 1688.7 1689.4 1691.5 1692.2 1694.0 1694.7 1695.3 1695.8 1696.5 
1623.6 




1605.3 1626.7 1648.2 1651.8 1660.2 1665.3 1672.2 1689.1 1690.7 1697.5 1698.1 
1617.2 1637.2 1688.3 1695.2 
1601.6 1604.1 1620.9 1626.2 1628.3 1630.9 1635.1 1638.9 1650.4 1655.0 1662.3 1662.8 1671.7 1682.9 1684.2 1684.6 1688.2 1699.3 
1601.7 1602.0 1602.9 1603.6 1603.9 1607.0 1607.3 1610.2 1611.0 1612.5 1612.6 1617.2 1620.1 1621.3 1622.2 1622.5 1623.7 1624.4 1625.9 1628.9 1631.6 1632.7 1635.3 1637.0 1637.1 1639.0 1642.8 1648.3 1650.7 1654.3 1658.2 1659.5 1659.9 1660.3 1664.3 1664.7 1665.1 1665.2 1666.6 1669.0 1670.2 1672.1 1673.7 1677.4 1679.4 1679.6 1680.9 1681.5 1681.7 1682.8 1686.4 1687.4 1692.6 1696.3 1697.0 1697.5 1698.7 
1602.3 1606.2 1610.3 1610.8 1614.5 1616.0 1617.2 1618.2 1618.4 1619.2 1623.2 1624.0 1624.2 1630.2 1631.0 1635.4 1636.6 1638.8 1640.2 1640.5 1643.0 1643.7 1648.7 1649.8 1650.4 1653.0 1657.7 1658.1 1659.0 1659.4 1660.3 1664.0 1664.5 1665.4 1666.9 1671.4 1673.8 1678.3 1679.4 1682.1 1683.6 1684.0 1684.2 1685.1 1688.6 1689.3 1694.7 1699.4 
1651.2 1655.7 1682.8 1690.3 













1600.1 1601.1 1602.8 1603.8 1605.1 1607.0 1610.3 1613.8 1629.7 1638.0 1645.6 1645.9 1646.4 1649.1 1650.5 1650.8 1655.0 1658.1 1665.9 1674.1 1676.7 1684.2 1690.4 1692.1 
1600.9 1601.9 1602.0 1602.5 1608.7 1611.1 1613.1 1615.9 1616.4 1621.7 1622.8 1625.7 1630.0 1632.4 1633.6 1634.0 1634.9 1639.3 1640.1 1644.4 1645.7 1652.5 1655.5 1658.5 1658.6 1659.2 1659.9 1664.0 1666.9 1668.9 1669.6 1672.1 1672.2 1673.7 1680.2 1680.4 1683.3 1684.0 1685.6 1694.6 1696.0 1696.4 1696.6 1698.6 
1600.9 1609.3 1611.5 1613.5 1613.9 1615.7 1616.6 1616.9 1617.5 1617.7 1619.4 1623.0 1624.9 1625.4 1627.1 1628.0 1628.1 1630.3 1632.6 1633.5 1639.5 1643.9 1645.2 1646.3 1653.1 1653.3 1657.9 1659.1 1659.3 1661.3 1673.2 1674.3 1681.4 1682.3 1682.5 1684.1 1685.1 1687.4 1687.7 1688.8 1691.4 1691.9 1692.4 1692.6 1695.3 1696.6 1698.5 1698.7 
1604.6 1640.0 






1601.8 1629.2 1658.4 1676.2 
1602.0 1602.4 1604.0 1604.7 1610.7 1612.0 1613.1 1617.5 1617.8 1619.2 1621.5 1621.7 1624.3 1625.9 1626.7 1628.7 1629.7 1632.1 1634.6 1635.3 1635.7 1637.4 1639.1 1640.3 1642.1 1643.9 1644.0 1644.1 1645.7 1654.1 1656.1 1661.3 1665.7 1671.6 1676.3 1678.0 1679.2 1679.4 1688.2 1688.4 1690.2 1690.4 1693.4 1698.3 1698.9 1699.2 1699.5 
1608.3 1610.3 1610.6 1616.3 1618.8 1621.8 1623.3 1623.7 1623.8 1624.5 1624.7 1624.9 1625.0 1625.8 1626.4 1633.4 1635.6 1637.4 1640.3 1641.2 1641.4 1643.0 1643.4 1643.7 1645.3 1645.5 1651.3 1651.8 1653.6 1653.7 1653.9 1655.9 1656.8 1657.4 1658.1 1664.7 1666.1 1668.1 1670.3 1672.8 1673.9 1674.8 1677.1 1679.2 1680.2 1683.1 1684.6 1686.6 1689.9 1690.6 1696.0 1697.0 1697.4 
1600.8 1610.3 1620.0 1627.5 1628.8 1630.3 1632.3 1634.3 1634.7 1640.3 1643.5 1645.0 1646.4 1648.3 1650.5 1652.8 1655.3 1656.3 1656.7 1656.8 1658.8 1661.8 1666.3 1667.4 1672.4 1673.1 1678.6 1678.8 1680.5 1683.8 1689.6 1691.9 1695.0 1699.0 














1601.4 1604.0 1613.9 1614.1 1617.0 1618.3 1634.6 1642.3 1643.0 1650.4 1651.7 1653.3 1660.7 1667.1 1673.6 1674.5 1677.0 1682.8 1683.0 1686.2 1686.4 1687.4 1689.4 1694.2 1694.6 1694.7 1696.3 
1600.9 1602.3 1602.6 1603.4 1608.4 1614.0 1617.1 1619.0 1619.7 1620.8 1622.6 1623.1 1624.0 1625.3 1625.4 1626.7 1627.5 1627.6 1627.7 1630.6 1634.1 1636.0 1641.3 1644.5 1646.1 1650.1 1652.1 1656.1 1656.3 1659.0 1660.2 1660.4 1662.8 1676.1 1676.4 1677.9 1686.2 1686.6 1691.2 1693.6 1695.5 1699.9 
1600.5 1600.8 1602.2 1602.3 1604.8 1605.3 1610.3 1610.5 1610.9 1612.3 1622.8 1624.0 1624.8 1629.9 1630.7 1630.8 1633.2 1635.4 1636.3 1637.1 1640.2 1640.5 1642.3 1644.2 1645.2 1645.3 1646.1 1646.3 1648.9 1649.4 1653.8 1654.5 1654.6 1658.1 1670.5 1671.0 1673.6 1676.3 1676.6 1677.8 1683.2 1686.4 1688.5 1690.7 1694.2 1695.7 1696.5 







1641.0 1643.9 
1600.4 1601.9 1602.3 1604.2 1604.8 1605.2 1610.5 1611.4 1611.6 1616.7 1617.2 1617.9 1622.2 1625.5 1629.3 1633.5 1634.5 1635.8 1637.0 1639.5 1641.3 1645.1 1645.5 1647.1 1649.9 1651.7 1656.3 1657.8 1660.2 1662.3 1662.4 1670.4 1670.5 1675.0 1676.7 1677.5 1680.5 1680.7 1684.2 1686.0 1688.9 1691.5 1693.5 1695.4 1697.0 1698.3 
1601.7 1603.2 1604.1 1605.6 1605.8 1606.6 1607.2 1609.1 1613.4 1615.0 1618.1 1618.7 1620.6 1621.5 1625.0 1625.9 1627.2 1630.1 1632.2 1635.8 1636.6 1636.7 1637.1 1638.7 1640.0 1644.1 1646.2 1646.8 1648.0 1649.6 1651.1 1656.2 1656.9 1661.6 1661.7 1665.2 1666.3 1669.5 1670.5 1670.6 1672.6 1675.3 1675.4 1675.6 1678.0 1678.5 1680.0 1681.5 1682.8 1684.9 1685.4 1685.9 1689.2 1689.7 1690.7 1691.5 1692.9 1695.1 1695.7 1699.2 1699.8 
1607.7 1607.8 1610.8 1611.9 1612.2 1616.7 1631.5 1632.2 1636.8 1637.9 1646.1 1647.9 1648.2 1648.9 1649.2 1664.4 1665.5 1670.8 1671.5 1674.3 1677.0 1677.1 1678.9 1680.2 1682.0 1686.0 1687.3 1689.6 1692.5 1694.1 1697.3 














1601.1 1602.9 1610.4 1611.1 1616.5 1619.0 1619.4 1620.2 1621.0 1621.1 1621.9 1622.0 1622.8 1623.6 1623.8 1626.7 1627.8 1634.5 1636.0 1636.8 1640.2 1642.5 1647.7 1649.3 1657.1 1658.6 1662.3 1673.3 1677.7 1681.7 1684.7 1685.7 1685.8 1687.6 1693.2 1699.0 
1600.8 1601.1 1602.4 1602.9 1604.4 1607.5 1611.4 1614.4 1616.9 1619.1 1619.7 1622.1 1624.9 1626.7 1627.5 1628.5 1635.0 1636.3 1640.8 1641.7 1645.2 1647.2 1647.6 1648.0 1648.1 1652.9 1653.9 1654.6 1658.9 1663.5 1663.9 1664.8 1673.7 1675.0 1677.4 1677.9 1680.5 1682.4 1684.5 1684.6 1688.1 1688.3 1690.1 1690.4 1691.9 1692.1 1694.6 1695.1 1697.7 
1614.8 1618.8 1621.1 1625.0 1633.3 1634.2 1637.2 1642.4 1649.9 1650.4 1664.4 1668.4 1673.7 1675.7 1679.6 1688.7 







1601.5 1618.1 1626.3 1632.6 1633.5 1637.3 1644.3 1653.1 1663.2 1673.9 1676.7 1682.8 1683.6 1687.7 1695.2 
1600.3 1603.6 1605.2 1606.4 1608.7 1609.5 1609.6 1610.3 1611.1 1611.8 1612.0 1617.9 1620.1 1623.7 1627.5 1627.7 1629.7 1630.1 1631.9 1635.2 1635.6 1640.6 1641.0 1641.9 1643.4 1645.2 1646.8 1649.7 1653.2 1656.5 1659.3 1666.0 1667.6 1667.8 1667.9 1671.6 1673.4 1673.5 1677.6 1678.0 1679.8 1688.0 1691.5 1697.9 1698.1 
1601.0 1602.1 1604.2 1605.8 1608.9 1609.7 1615.0 1615.3 1616.4 1617.4 1617.8 1623.9 1628.4 1630.0 1635.8 1638.8 1639.0 1639.1 1647.3 1648.0 1648.4 1649.8 1652.7 1654.6 1658.1 1661.2 1665.4 1674.8 1678.5 1687.1 1687.2 1689.9 1693.2 1694.2 1695.9 1697.5 1699.8 
1613.8 1621.7 1624.1 1625.4 1626.9 1656.8 1658.0 1660.4 1665.9 1673.4 1674.2 1675.9 1676.5 1679.8 1680.5 1698.5 













1679.5 1691.5 
1601.5 1602.1 1604.8 1606.0 1607.2 1609.7 1610.1 1611.7 1616.0 1616.3 1617.7 1623.6 1624.6 1625.3 1630.4 1630.8 1631.7 1632.3 1634.0 1634.8 1637.3 1647.1 1648.4 1648.8 1649.3 1649.4 1649.7 1650.9 1651.5 1652.6 1656.5 1662.1 1664.1 1664.7 1669.4 1670.6 1672.0 1676.1 1679.2 1679.5 1683.0 1684.7 1686.2 1687.9 1690.1 1695.3 
1605.0 1608.9 1610.6 1611.4 1613.0 1613.3 1613.5 1615.9 1617.8 1617.9 1621.2 1622.7 1624.9 1625.9 1626.0 1626.6 1627.4 1636.1 1637.5 1638.2 1638.8 1642.5 1643.2 1644.3 1655.4 1659.3 1662.7 1663.3 1663.5 1664.1 1664.3 1665.1 1667.2 1668.9 1670.6 1671.6 1672.6 1672.7 1673.7 1674.8 1674.9 1675.8 1678.5 1684.7 1686.7 1687.2 1688.2 1688.5 1689.3 1694.2 1695.0 1698.6 
1619.2 1625.4 1627.7 1640.8 1653.4 1660.2 1672.9 1680.8 1686.1 1697.4 






1640.0 
1601.6 1607.5 1612.5 1614.2 1615.2 1616.3 1618.4 1621.1 1621.7 1622.9 1624.0 1628.0 1628.4 1631.3 1631.9 1634.8 1635.2 1636.1 1637.6 1638.2 1639.2 1645.2 1645.3 1645.6 1646.0 1646.9 1647.2 1649.1 1653.1 1654.5 1655.2 1655.7 1656.1 1658.3 1664.6 1669.2 1672.6 1676.5 1684.1 1685.2 1687.6 1691.5 1692.9 1697.1 1697.8 1699.6 
1601.1 1604.3 1604.8 1607.9 1608.4 1608.8 1614.5 1615.2 1616.8 1619.9 1620.5 1623.2 1624.6 1624.8 1626.9 1627.6 1628.9 1630.8 1630.9 1634.7 1635.2 1635.5 1636.6 1637.2 1639.6 1642.3 1644.8 1644.9 1645.9 1647.7 1649.6 1649.7 1649.8 1654.7 1655.5 1658.4 1659.0 1659.1 1662.5 1663.8 1665.2 1666.8 1667.3 1673.3 1674.4 1675.2 1683.5 1688.0 1689.0 1690.8 1691.0 1695.4 
1605.8 1608.1 1610.3 1612.5 1613.2 1615.8 1627.0 1636.7 1637.7 1639.5 1640.1 1640.5 1642.8 1644.3 1647.1 1653.0 1655.0 1656.1 1656.4 1656.5 1657.7 1659.0 1665.5 1666.3 1666.8 1666.9 1667.6 1671.0 1671.1 1671.2 1672.0 1675.4 1677.9 1682.2 1683.2 1684.1 1687.1 1689.6 1692.9 1695.3 1696.2 1696.4 1698.1 
1614.4 1628.4 1628.5 1633.1 1644.7 1663.1 1675.5 1684.5 













1695.0 1696.4 
1600.9 1602.1 1602.8 1603.5 1605.6 1606.1 1607.5 1607.9 1609.0 1609.3 1611.1 1612.1 1612.2 1614.3 1618.3 1619.2 1620.3 1621.1 1622.7 1624.7 1625.0 1626.2 1626.7 1630.5 1630.7 1631.3 1631.9 1632.4 1634.4 1636.3 1638.6 1639.6 1640.7 1641.5 1641.9 1642.3 1643.9 1644.9 1647.6 1647.8 1651.2 1654.1 1658.7 1659.9 1664.4 1665.9 1666.5 1666.6 1667.2 1669.1 1669.7 1670.6 1672.7 1673.3 1674.8 1679.7 1681.8 1683.5 1687.6 1691.0 1693.1 1693.4 1695.7 1698.6 
1600.1 1601.5 1605.4 1606.6 1608.4 1614.0 1615.3 1615.9 1617.7 1619.5 1622.2 1624.6 1625.6 1627.9 1630.5 1634.2 1634.9 1637.7 1638.4 1641.6 1645.4 1648.1 1648.3 1649.2 1650.1 1653.0 1658.3 1659.4 1659.7 1661.5 1661.6 1665.4 1666.0 1666.2 1670.5 1670.6 1670.8 1672.0 1674.6 1677.7 1678.4 1682.1 1683.6 1684.5 1686.5 1686.6 1687.5 1690.4 1691.7 1692.1 1692.8 1693.8 1694.0 
1627.6 1643.2 1650.9 1651.5 1652.7 1655.0 1676.7 1688.0 1689.4 1690.1 1695.5 





1669.8 1678.6 
1602.6 1605.1 1620.4 1622.3 1625.8 1626.3 1642.4 1646.2 1654.0 1670.4 1679.2 1681.6 1692.7 1696.0 1696.5 1698.2 
1600.9 1601.7 1605.9 1608.0 1608.9 1610.4 1616.6 1619.2 1619.9 1620.7 1626.5 1627.7 1629.8 1630.1 1631.6 1633.4 1633.7 1635.2 1635.9 1637.8 1638.1 1640.1 1642.5 1642.8 1643.9 1644.7 1646.3 1646.9 1650.3 1651.9 1654.2 1656.8 1660.6 1660.7 1670.1 1672.2 1672.6 1678.4 1680.7 1681.3 1683.1 1687.8 1689.5 1690.5 1691.4 1691.7 1692.1 1692.8 1698.5 1699.3 
1600.5 1604.5 1605.1 1605.6 1606.9 1609.3 1609.5 1610.3 1617.4 1617.5 1620.0 1620.1 1620.3 1621.1 1623.3 1624.0 1626.1 1627.7 1631.1 1632.8 1637.2 1637.6 1637.7 1637.9 1639.3 1640.2 1640.5 1641.1 1644.0 1649.6 1654.0 1654.5 1660.3 1660.7 1661.6 1661.7 1663.0 1665.0 1665.5 1671.2 1673.0 1680.6 1685.3 1690.9 1692.5 1693.3 1694.9 
1602.8 1605.1 1609.0 1609.7 1613.8 1615.2 1618.7 1618.8 1619.2 1625.9 1629.4 1633.6 1636.8 1638.1 1639.3 1639.4 1643.7 1645.7 1646.0 1653.1 1653.2 1653.6 1653.9 1659.1 1659.4 1661.5 1667.5 1682.9 1685.0 1691.3 1694.2 














1606.1 1627.9 
1600.6 1603.1 1605.0 1607.0 1612.9 1613.1 1615.0 1615.5 1622.8 1623.0 1624.3 1628.0 1629.4 1634.4 1635.6 1644.6 1645.0 1645.4 1651.2 1653.7 1656.9 1659.0 1659.4 1660.0 1663.1 1664.5 1666.8 1668.6 1668.8 1673.9 1674.4 1675.5 1678.7 1681.2 1686.3 1687.2 1687.8 1692.8 1693.9 1694.0 1696.7 
1600.1 1602.7 1606.3 1608.8 1610.1 1612.6 1616.3 1617.9 1619.7 1620.3 1626.3 1628.2 1628.6 1628.8 1630.3 1632.3 1633.8 1636.2 1639.6 1640.2 1640.6 1641.7 1642.1 1642.7 1643.4 1644.3 1644.4 1645.0 1645.8 1646.9 1647.6 1650.6 1653.1 1653.9 1659.1 1660.4 1661.1 1662.1 1664.9 1667.2 1669.9 1670.8 1672.5 1676.2 1676.6 1678.0 1679.9 1680.4 1681.0 1683.3 1684.8 1687.1 1692.7 1693.3 1697.6 1699.9 
1613.3 1626.3 1627.0 1629.7 1630.7 1631.6 1636.3 1636.4 1636.5 1641.9 1645.5 1647.8 1650.2 1671.5 1685.4 1686.2 1689.5 




1628.0 1659.5 1664.4 1693.2 
1601.2 1601.4 1601.8 1606.1 1636.0 1636.3 1636.5 1637.2 1638.5 1639.6 1639.9 1645.2 1645.4 1646.8 1647.1 1648.1 1655.7 1656.4 1669.8 1671.2 1675.3 1677.2 1679.6 1688.6 1689.6 1694.0 1694.7 1697.2 
1604.5 1609.3 1611.7 1612.2 1614.4 1617.8 1619.4 1620.3 1621.4 1622.0 1625.7 1628.8 1629.4 1632.5 1637.3 1638.4 1638.6 1642.3 1642.6 1642.8 1643.5 1645.4 1646.7 1649.2 1650.0 1650.4 1652.5 1654.6 1654.9 1655.1 1656.8 1659.4 1661.5 1672.1 1672.5 1672.9 1675.7 1675.8 1678.6 1678.7 1682.7 1683.3 1684.2 1684.6 1686.3 1688.0 1688.5 1688.6 1691.7 1692.8 1697.1 1699.7 
1602.4 1605.4 1608.6 1609.3 1610.0 1615.3 1617.2 1617.7 1619.5 1621.4 1624.4 1624.5 1625.2 1625.6 1626.1 1626.2 1626.3 1628.3 1629.6 1633.2 1633.5 1636.6 1637.1 1638.0 1638.7 1638.8 1641.2 1643.1 1650.9 1654.5 1654.9 1655.6 1656.0 1664.0 1665.2 1665.9 1666.1 1666.8 1668.3 1670.2 1673.6 1675.0 1677.3 1678.3 1687.2 1689.2 1697.0 1698.7 
1600.1 1600.3 1604.8 1607.5 1619.3 1620.8 1621.8 1624.9 1625.3 1627.7 1633.3 1642.6 1643.2 1643.4 1645.3 1646.2 1647.3 1647.5 1650.3 1650.6 1656.4 1657.4 1660.8 1662.7 1666.0 1666.1 1666.2 1678.7 1679.3 1682.2 1684.0 1687.9 1688.5 1693.1 1694.1 1697.9 1699.7 
1605.5 1619.5 1623.0 1629.5 1635.8 1637.3 1639.9 1662.1 















1672.1 1681.8 
1600.0 1600.6 1602.4 1603.6 1603.7 1603.9 1607.5 1608.5 1608.9 1609.8 1610.3 1613.3 1616.1 1617.1 1617.3 1620.0 1621.3 1622.4 1628.1 1632.3 1633.6 1633.9 1634.1 1635.2 1636.3 1637.8 1647.7 1649.5 1650.1 1652.5 1652.9 1654.8 1660.7 1662.0 1662.3 1663.7 1668.0 1669.7 1671.1 1672.1 1672.7 1675.1 1676.7 1676.8 1677.0 1677.1 1682.6 1685.8 1688.4 1692.3 1693.3 1695.5 1697.1 1698.9 1699.5 
1600.9 1601.7 1603.3 1603.6 1605.9 1610.0 1610.3 1611.1 1612.5 1612.6 1614.8 1615.4 1618.1 1624.1 1627.3 1629.1 1630.3 1630.6 1633.7 1634.9 1636.1 1637.1 1643.6 1643.8 1644.6 1645.5 1647.7 1649.9 1651.2 1656.4 1660.6 1661.8 1661.9 1664.5 1669.0 1669.5 1669.9 1675.3 1677.6 1679.1 1679.6 1679.9 1681.8 1685.7 1687.5 1688.6 1690.0 1692.1 1694.8 1696.7 1697.5 1698.8 1698.9 1699.2 
1601.2 1601.3 1602.9 1603.7 1604.9 1606.0 1607.1 1608.1 1609.3 1616.2 1621.1 1623.6 1623.7 1630.6 1633.8 1635.0 1636.7 1647.5 1650.6 1651.1 1654.3 1654.5 1659.9 1660.4 1667.0 1668.6 1673.2 1674.5 1675.6 1676.9 1677.4 1678.3 1687.2 1687.4 1688.1 1689.4 1698.2 1698.3 
1603.7 1608.5 1609.3 1619.4 1623.1 1625.1 1630.5 1640.0 1645.7 1657.6 1661.6 1669.7 1676.1 1678.3 1682.3 1690.5 1692.1 1695.5 1699.2 
1600.9 1602.8 1605.1 1612.4 1612.6 1615.5 1617.5 1619.3 1619.5 1625.8 1631.9 1638.6 1638.9 1643.4 1656.3 1661.7 1663.9 1667.5 1669.5 1669.9 1672.2 1674.2 1675.6 1684.3 1687.5 1688.4 1688.7 1691.9 1698.1 
1601.8 1602.2 1606.4 1614.9 1618.7 1624.4 1630.1 1636.0 1644.6 1647.7 1648.1 1657.7 1657.8 1668.7 1671.5 1671.7 1674.1 1676.0 1677.2 1680.1 1682.7 1691.2 1692.0 1692.1 1692.3 1695.8 
1602.6 1609.0 1610.2 1611.7 1614.3 1616.3 1617.7 1618.3 1620.3 1620.8 1622.7 1624.0 1629.6 1637.9 1639.4 1641.6 1643.4 1650.4 1654.5 1656.2 1656.5 1656.6 1656.7 1667.4 1670.6 1682.1 1685.7 1699.5 
1600.4 1601.2 1605.3 1605.9 1614.5 1621.2 1621.3 1621.7 1622.1 1625.1 1625.8 1630.1 1634.0 1635.4 1635.5 1638.2 1638.4 1641.0 1647.0 1647.3 1649.0 1651.5 1657.5 1659.8 1664.7 1667.9 1669.9 1670.9 1677.8 1678.2 1680.6 1681.4 1682.9 1683.7 1686.2 1689.8 1695.5 1698.9 
1607.3 1608.4 1613.4 1613.8 1614.6 1616.7 1624.1 1627.8 1631.3 1635.1 1636.7 1638.0 1642.4 1645.7 1646.9 1647.4 1649.2 1650.0 1650.7 1651.1 1653.9 1654.5 1656.6 1657.3 1657.8 1659.1 1663.0 1663.4 1667.9 1670.1 1673.0 1674.4 1677.7 1683.9 1686.0 1686.4 1692.2 1693.6 1694.6 1694.7 1695.7 1697.3 1699.3 
1600.1 1601.4 1602.2 1605.5 1609.0 1609.9 1610.0 1612.2 1616.1 1621.4 1622.3 1624.7 1626.5 1626.7 1628.6 1628.8 1630.6 1631.5 1631.6 1633.6 1634.7 1635.0 1641.5 1645.5 1645.7 1647.2 1654.8 1657.8 1658.4 1658.5 1658.7 1659.1 1665.3 1666.7 1668.2 1669.0 1676.1 1676.2 1676.3 1676.9 1677.6 1678.6 1678.8 1679.4 1679.9 1680.0 1681.1 1681.9 1683.9 1690.0 1693.2 1693.6 1695.9 1699.4 
1600.5 1601.8 1604.0 1609.3 1610.5 1612.6 1613.2 1614.7 1616.9 1623.1 1626.7 1627.4 1632.3 1633.0 1638.2 1639.7 1640.2 1640.8 1644.2 1645.9 1649.6 1650.4 1651.8 1652.6 1653.1 1657.4 1661.2 1662.1 1662.7 1664.7 1673.1 1673.9 1676.4 1679.3 1681.4 1690.8 1694.7 1696.1 1696.9 
1654.7 
















1609.5 1619.4 1624.1 1624.5 1628.7 1630.2 1636.5 1641.3 1654.6 1658.5 1662.6 1665.3 1675.4 1683.9 1687.8 
1600.8 1611.5 1615.8 1616.4 1618.3 1629.3 1630.9 1631.8 1633.4 1643.0 1643.7 1646.5 1650.4 1659.7 1661.5 1662.2 1662.3 1665.4 1667.6 1669.1 1669.2 1676.9 1677.4 1678.4 1682.2 1685.0 1691.1 1691.4 1691.6 1695.4 1697.0 1697.2 1698.7 1698.8 1699.5 1699.9 
1600.0 1604.4 1605.2 1607.1 1609.1 1609.3 1610.3 1616.1 1616.2 1617.6 1619.1 1621.8 1625.8 1627.0 1627.2 1630.9 1633.0 1634.2 1636.3 1637.8 1640.7 1644.2 1644.9 1646.1 1648.1 1650.7 1654.2 1658.0 1665.0 1667.6 1676.4 1679.9 1681.3 1682.5 1683.9 1684.1 1686.0 1686.1 1687.6 1688.9 1689.0 1694.7 
1601.2 1601.7 1604.1 1605.4 1606.5 1606.7 1607.2 1607.9 1608.3 1609.1 1609.5 1610.2 1611.9 1612.2 1613.2 1614.2 1614.5 1618.1 1618.9 1627.4 1629.0 1630.9 1633.5 1634.5 1638.4 1639.8 1639.9 1642.9 1643.0 1643.4 1645.7 1645.9 1648.4 1650.2 1650.5 1650.7 1650.8 1655.9 1656.3 1657.0 1668.5 1670.3 1672.7 1673.2 1676.1 1679.8 1683.3 1690.6 1698.0 1698.3 1699.1 
1601.9 1603.6 1604.2 1607.3 1607.4 1607.6 1610.9 1612.9 1613.1 1613.2 1614.5 1615.9 1619.4 1620.7 1624.7 1625.3 1628.4 1633.7 1635.2 1635.9 1641.4 1642.3 1644.2 1644.9 1648.3 1653.2 1654.3 1656.4 1656.9 1658.9 1659.2 1659.5 1661.4 1663.3 1670.1 1672.3 1673.6 1674.9 1676.0 1677.1 1682.2 1684.2 1684.7 1685.0 1686.6 1688.7 1689.0 1690.7 1690.8 1691.9 1694.6 1696.1 1698.0 1699.7 
1605.7 1610.1 1616.0 1616.6 1618.8 1620.4 1621.2 1623.9 1624.9 1626.6 1626.8 1628.3 1630.8 1631.9 1632.7 1637.6 1642.8 1644.2 1645.6 1649.9 1651.6 1652.7 1659.0 1660.9 1666.1 1666.7 1671.0 1671.5 1672.4 1677.4 1681.6 1686.9 1690.3 1691.6 1693.6 1694.8 
1609.3 1609.4 1609.7 1609.9 1614.8 1615.1 1615.4 1615.7 1620.5 1624.4 1628.5 1633.0 1639.7 1641.7 1643.7 1645.4 1646.1 1647.0 1647.5 1648.0 1649.0 1650.4 1657.9 1661.2 1663.3 1663.6 1665.3 1670.7 1671.8 1675.1 1676.2 1676.8 1677.7 1678.8 1684.4 1684.7 1685.2 1687.0 1688.4 1689.3 1689.6 1693.3 1696.3 1697.3 1697.7 
1601.8 1607.9 1620.3 1621.0 1628.3 1636.7 1637.4 1642.7 1647.1 1647.7 1651.1 1660.7 1664.8 1673.4 1673.7 1680.9 1683.7 1684.7 
1601.4 1603.5 1603.6 1604.8 1608.5 1608.7 1610.4 1610.9 1612.4 1613.9 1617.9 1619.0 1620.5 1622.2 1630.6 1631.9 1633.6 1636.1 1639.5 1639.9 1644.4 1644.8 1645.4 1649.0 1650.5 1651.7 1654.9 1657.1 1657.8 1659.2 1661.0 1661.1 1664.6 1667.7 1669.0 1676.8 1677.9 1679.8 1682.7 1683.0 1684.8 1687.9 1689.1 1689.8 1690.1 1690.7 1691.7 1693.1 1694.1 1697.8 
1600.4 1603.2 1607.2 1609.9 1611.8 1613.8 1618.6 1619.8 1624.8 1626.1 1634.1 1638.9 1639.7 1641.3 1642.1 1643.1 1643.3 1644.9 1646.7 1647.0 1650.3 1651.4 1651.9 1660.3 1663.0 1668.3 1668.9 1670.9 1672.5 1673.2 1673.4 1675.1 1680.3 1682.8 1682.9 1689.3 1691.5 1691.7 1692.8 1693.0 1694.7 1696.7 1699.6 1699.8 
1600.5 1603.8 1605.0 1605.6 1608.1 1611.2 1614.7 1616.0 1618.0 1622.8 1623.4 1626.8 1630.3 1631.2 1632.6 1644.0 1650.7 1651.4 1654.0 1656.0 1657.0 1657.1 1658.2 1663.1 1675.5 1681.8 1682.2 1685.1 1685.3 1689.2 1692.2 1694.0 



















1631.0 1633.5 1641.4 1648.0 1658.9 1665.2 1670.2 1676.4 1676.8 1680.6 1687.3 1693.4 1693.8 
1602.1 1604.2 1605.4 1615.6 1621.2 1630.1 1664.1 1665.5 1672.7 
1603.5 1607.4 1616.0 1629.4 1633.4 1649.2 1675.1 1690.3 1694.3 1698.8 


1614.6 1618.0 1621.6 1626.1 1642.8 1666.9 1673.7 1686.1 1694.6 1697.5 
1601.8 1602.3 1603.5 1604.4 1608.3 1608.5 1613.3 1616.3 1618.2 1624.2 1624.7 1625.3 1625.7 1626.2 1627.8 1628.1 1628.6 1637.3 1637.8 1638.7 1639.8 1640.7 1641.5 1642.9 1644.7 1644.9 1648.5 1650.4 1652.2 1654.9 1658.9 1659.1 1660.0 1663.8 1665.1 1665.6 1666.5 1666.8 1667.2 1670.8 1671.8 1678.7 1679.1 1679.7 1680.8 1681.3 1682.9 1685.5 1686.9 1690.4 1691.6 1691.8 1692.4 1693.3 1695.3 1698.0 
1600.3 1602.6 1603.4 1604.0 1606.3 1607.2 1607.9 1611.4 1614.0 1616.0 1618.2 1620.8 1621.5 1623.1 1627.5 1629.4 1629.6 1631.0 1633.2 1638.1 1638.5 1640.7 1641.6 1648.4 1650.1 1652.3 1654.2 1656.1 1659.1 1661.3 1662.7 1664.4 1672.2 1673.6 1674.3 1675.3 1676.4 1676.6 1676.9 1677.5 1679.6 1679.7 1680.0 1680.5 1680.7 1681.7 1682.5 1687.0 1692.8 1694.3 
1604.7 1607.1 1612.2 1614.2 1616.7 1622.1 1622.8 1629.2 1630.7 1631.0 1631.4 1633.1 1636.9 1646.5 1648.5 1673.6 1674.8 1677.9 1683.3 1684.8 1686.1 
























1603.4 1626.4 1646.2 1658.2 1666.3 1684.7 1684.9 1691.2 1693.4 
1600.9 1601.9 1603.2 1605.2 1608.7 1609.5 1612.9 1614.2 1626.4 1626.6 1630.0 1630.2 1630.3 1639.2 1644.4 1646.4 1646.9 1647.4 1647.7 1650.7 1650.8 1651.0 1652.2 1654.8 1655.9 1657.8 1658.5 1662.4 1664.4 1664.7 1665.2 1665.8 1667.1 1667.9 1672.9 1673.7 1680.2 1682.7 1685.1 1685.2 1685.9 1686.0 1686.1 1688.5 1690.4 1691.1 1691.2 1692.6 1694.0 1694.1 1695.0 1696.3 1696.9 1698.0 
1602.6 1607.2 1607.9 1613.8 1614.3 1614.5 1616.5 1616.7 1617.5 1618.0 1621.9 1623.0 1623.3 1626.7 1629.7 1631.7 1636.5 1638.6 1639.5 1640.9 1646.6 1647.1 1648.5 1649.0 1650.8 1652.8 1656.2 1658.4 1660.2 1661.4 1666.6 1667.3 1671.4 1672.0 1673.7 1675.1 1676.6 1685.1 1685.8 1697.8 1697.9 1698.6 
1664.9 
























1617.4 1619.3 1627.4 1632.4 1633.3 1633.8 1634.0 1639.5 1644.6 1645.5 1646.8 1648.4 1648.5 1653.7 1654.6 1657.6 1659.6 1660.4 1667.5 1670.4 1671.4 1674.1 1676.9 1681.4 1684.6 1691.2 1691.9 1698.8 
1603.5 1604.4 1604.8 1606.8 1607.1 1610.3 1611.7 1612.1 1615.3 1616.9 1617.8 1618.7 1626.9 1628.3 1628.9 1629.2 1630.0 1632.3 1634.7 1635.3 1637.2 1638.6 1641.9 1645.3 1645.4 1646.0 1646.2 1646.3 1651.0 1651.7 1652.2 1654.7 1655.5 1655.9 1661.5 1663.2 1664.5 1666.4 1667.0 1671.0 1671.2 1673.0 1673.8 1674.8 1675.7 1677.3 1679.6 1685.9 1687.5 1691.9 1695.9 1696.2 1696.4 1699.2 1699.5 
1600.3 1600.9 1602.1 1603.6 1605.7 1612.5 1612.8 1615.3 1617.4 1619.4 1619.8 1620.1 1621.9 1622.9 1624.7 1625.8 1626.5 1627.0 1627.8 1632.5 1634.7 1640.0 1641.2 1641.7 1641.8 1643.8 1644.2 1645.6 1650.0 1650.8 1651.2 1653.8 1656.1 1658.2 1658.8 1660.4 1660.8 1661.3 1662.3 1662.6 1666.4 1672.1 1673.9 1674.4 1675.7 1676.7 1676.9 1683.3 1686.1 1688.9 1693.3 1695.6 
1611.2 1612.1 1634.0 1679.1 























1603.0 1603.5 1631.6 1683.9 1698.8 
1600.4 1600.9 1603.9 1604.4 1609.5 1619.3 1623.5 1623.7 1625.2 1627.5 1628.8 1629.6 1629.7 1630.4 1631.3 1634.0 1635.3 1636.8 1640.4 1645.9 1649.3 1653.3 1656.8 1657.8 1659.3 1660.5 1660.8 1660.9 1662.1 1662.2 1664.2 1675.1 1678.1 1679.8 1681.6 1681.9 1683.5 1684.5 1690.3 1691.3 1692.0 1692.9 1694.2 1696.1 1696.4 
1602.6 1605.9 1607.1 1607.8 1609.8 1615.1 1617.3 1618.4 1619.3 1620.9 1627.4 1628.2 1628.3 1629.6 1630.3 1637.7 1638.5 1639.3 1641.4 1650.2 1651.6 1653.9 1654.2 1654.9 1656.0 1656.1 1657.1 1659.6 1659.7 1660.4 1660.7 1660.8 1662.5 1670.9 1671.2 1672.7 1673.8 1674.0 1674.3 1675.9 1678.5 1680.9 1682.2 1682.8 1683.9 1684.2 1684.7 1685.3 1687.5 1688.8 1691.4 1693.2 1694.7 1695.3 
1601.7 1601.8 1602.0 1604.7 1606.8 1610.0 1612.3 1615.2 1615.9 1618.2 1619.6 1620.6 1626.8 1628.3 1630.3 1633.2 1635.0 1638.0 1651.5 1656.6 1658.4 1660.7 1668.0 1670.0 1677.0 1679.6 1681.4 1684.8 1685.6 1685.9 1689.4 1690.0 1692.0 1695.0 1696.5 1696.6 
























1607.0 1613.7 1618.9 1631.4 1637.2 1649.7 1669.3 
1602.6 1610.1 1611.9 1612.7 1614.3 1615.9 1619.5 1619.8 1621.0 1621.9 1622.4 1624.2 1625.5 1626.8 1629.2 1638.8 1642.1 1642.8 1650.5 1651.4 1652.1 1653.1 1653.4 1653.7 1658.0 1658.1 1661.9 1664.2 1673.8 1674.3 1675.5 1676.0 1677.2 1680.8 1680.9 1682.6 1687.0 1687.2 1688.8 1689.0 1689.8 1690.3 1691.6 1693.7 1694.2 1695.4 1696.1 
1602.0 1602.2 1602.6 1603.1 1604.8 1605.3 1607.3 1610.7 1611.9 1615.7 1615.8 1615.9 1620.9 1621.9 1623.3 1626.1 1627.4 1630.6 1633.6 1633.9 1639.5 1640.7 1641.9 1642.8 1645.8 1646.8 1651.6 1652.3 1653.0 1657.8 1659.2 1665.0 1667.5 1667.6 1667.7 1668.0 1668.5 1676.0 1681.8 1686.8 1687.1 1688.5 1688.9 1690.6 1692.8 1694.1 1694.3 1696.6 1698.8 
1600.4 1603.4 1604.1 1607.8 1615.9 1617.1 1629.0 1629.9 1635.9 1636.1 1648.5 1652.5 1660.7 1663.6 1665.6 1665.9 1673.0 1674.0 1675.4 1676.6 1681.0 1685.4 1688.6 1689.4 1692.9 1698.0 
























1612.8 1619.3 1632.2 1657.9 1661.8 1666.7 1679.3 1681.7 1683.3 1687.9 1689.9 1691.4 
1600.1 1600.4 1607.5 1608.1 1608.2 1610.2 1611.4 1612.2 1613.7 1614.2 1616.2 1617.9 1618.5 1623.9 1625.1 1629.0 1629.6 1630.6 1632.8 1638.7 1656.9 1657.5 1663.2 1665.0 1665.3 1666.6 1667.8 1670.7 1672.5 1679.7 1686.9 1691.6 1694.7 1697.1 1698.0 
1600.3 1603.9 1606.0 1606.5 1610.0 1614.3 1625.4 1627.1 1627.3 1627.9 1629.2 1638.5 1638.6 1638.8 1639.3 1640.6 1640.7 1641.6 1647.6 1649.5 1651.2 1654.2 1657.3 1662.8 1664.1 1664.5 1665.5 1670.0 1671.3 1674.1 1679.6 1684.5 1685.3 1686.1 1694.7 1695.0 1695.2 
1651.8 
























1600.0 1600.7 1603.1 1603.6 1608.0 1608.7 1609.9 1612.6 1613.5 1621.6 1624.8 1626.5 1639.6 1642.6 1648.3 1649.5 1655.0 1659.6 1660.2 1662.3 1663.8 1665.2 1666.1 1666.2 1673.9 1682.1 1684.3 1686.8 1688.7 1691.9 1692.2 1693.0 1694.5 
1602.3 1603.7 1603.9 1606.9 1610.8 1612.1 1612.4 1614.8 1615.2 1617.4 1618.0 1619.1 1621.8 1624.3 1625.2 1625.4 1625.6 1626.9 1632.3 1633.7 1635.8 1636.6 1641.0 1641.5 1643.1 1644.4 1646.1 1646.9 1654.5 1654.9 1658.2 1658.7 1660.7 1661.1 1662.8 1665.6 1665.9 1666.6 1667.7 1668.4 1670.2 1670.4 1672.1 1673.3 1676.3 1677.5 1684.2 1685.9 1686.4 1687.6 1692.3 1693.7 1694.5 1694.6 1695.7 1699.1 
1603.6 1604.9 1608.0 1613.7 1614.8 1615.6 1615.8 1620.1 1621.4 1621.8 1622.9 1624.6 1632.3 1633.3 1638.2 1639.5 1642.7 1645.8 1646.0 1649.4 1650.0 1654.1 1658.9 1659.3 1663.7 1665.5 1666.7 1670.7 1676.4 1681.7 1683.5 1683.6 1684.9 1685.6 1687.4 1693.3 1696.1 

























1600.2 1602.5 1604.5 1604.6 1607.5 1609.0 1609.5 1611.1 1613.5 1615.2 1619.5 1622.3 1624.5 1625.5 1627.8 1628.5 1629.8 1630.4 1634.4 1634.7 1634.8 1644.1 1644.4 1645.1 1645.6 1646.4 1649.2 1649.7 1654.5 1660.5 1667.7 1668.2 1668.9 1671.2 1671.6 1673.3 1676.5 1682.2 1685.2 1691.2 1691.6 1693.2 1693.5 1694.1 1697.0 
1600.1 1602.4 1602.7 1602.9 1604.5 1604.7 1604.9 1605.0 1608.0 1608.4 1609.2 1610.8 1611.0 1611.4 1614.6 1616.5 1616.8 1617.2 1618.5 1619.4 1622.8 1630.7 1633.9 1636.7 1637.3 1638.5 1641.1 1644.3 1646.7 1648.7 1650.1 1650.5 1656.3 1658.4 1661.4 1661.5 1664.0 1667.9 1668.6 1671.0 1671.6 1674.6 1676.8 1679.1 1682.0 1682.8 1685.0 1686.8 1688.2 1690.9 1692.3 1692.9 1698.4 1699.4 
1601.6 1602.9 1606.0 1607.2 1611.4 1613.7 1616.3 1621.0 1622.5 1622.6 1623.0 1623.6 1636.0 1638.6 1640.3 1641.8 1643.4 1644.7 1645.9 1646.0 1652.8 1654.0 1658.0 1659.2 1659.4 1660.7 1666.7 1669.2 1673.7 1681.1 1681.3 1684.6 1684.8 1685.1 1685.7 1686.8 1687.5 1688.3 1696.3 



































































