70
0 9 0.292
0 10 0.403
0 11 0.249
0 12 0.5
0 13 0.988
1 9 0.745
1 10 0.275
1 11 0.173
1 12 0.747
1 13 0.0404
2 9 0.68
2 10 0.179
2 11 0.411
2 12 0.318
2 13 0.352
3 9 0.292
3 10 0.956
3 11 0.9
3 12 0.75
3 13 0.142
4 9 0.257
4 10 0.301
4 11 0.537
4 12 0.338
4 13 0.968
5 9 0.393
5 10 0.645
5 11 0.796
5 12 0.949
5 13 0.0805
6 9 0.389
6 10 0.352
6 11 0.633
6 12 0.603
6 13 0.433
7 9 0.331
7 10 0.959
7 11 0.227
7 12 0.792
7 13 0.396
8 9 0.929
8 10 0.482
8 11 0.215
8 12 0.666
8 13 0.0792
9 14 0.877
10 15 0.89
11 16 0.303
12 17 0.655
13 18 0.698
14 10 -0.102
14 11 -0.0501
14 12 -0.236
14 13 -0.163
15 9 -0.0222
15 11 -0.0322
15 12 -0.388
15 13 -0.32
16 9 -0.163
16 10 -0.303
16 12 -0.337
16 13 -0.0855
17 9 -0.415
17 10 -0.298
17 11 -0.387
17 13 -0.266
18 9 -0.282
18 10 -0.382
18 11 -0.294
18 12 -0.346
