874
152 806 0.681785382
153 806 0.6804976142
154 806 0.7079957807
154 854 0.6823410256
154 858 0.7184761105
154 863 0.6853088949
155 804 0.7464292971
155 858 0.7051245769
179 805 0.6773397688
180 793 0.7017252761
180 805 0.7852450439
181 805 0.773299392
181 810 0.6682689155
181 815 0.7215610257
181 849 0.7715034713
181 877 0.8043487069
181 880 0.6771253439
182 784 0.8354616009
182 805 0.7224330152
182 810 0.7313814875
182 877 0.7036141404
182 880 0.6669743748
183 802 0.788574296
183 832 0.6750768467
183 834 0.6851520319
183 860 0.6998550421
183 877 0.77899045
184 830 0.68671435
184 841 0.7092310204
184 844 0.7009821213
184 845 0.8311987996
184 848 0.7003895165
184 873 0.6936669767
184 877 0.6818473068
185 830 0.7028769477
185 844 0.6915290891
185 851 0.6842599797
186 796 0.7010414539
207 786 0.7280689122
207 808 0.7452461445
207 815 0.6696424712
207 843 0.6800817367
208 786 0.6915125705
208 808 0.7718769252
208 815 0.7807532037
208 860 0.7341239055
209 784 0.769781803
209 860 0.7918401735
209 875 0.7045704145
210 784 0.7111212706
210 802 0.7303792372
210 819 0.7174341452
210 860 0.6714942583
211 802 0.8183867202
211 812 0.6917156775
211 819 0.6670810263
211 845 0.73506933
211 871 0.6825169535
212 830 0.8723206372
212 851 0.7604136216
213 796 0.8263664616
213 830 0.8102551589
213 851 0.7009864836
213 861 0.7043215808
214 796 0.7409598956
214 825 0.8904425636
214 833 0.6910536232
234 786 0.7283762297
235 883 0.7079239162
236 819 0.6791788744
236 831 0.6803643948
236 883 0.6686955951
237 784 0.861673235
237 829 0.7966235144
237 883 0.7491580934
238 787 0.6741783639
238 802 0.7708799377
238 829 0.7789053822
238 859 0.6769754668
238 871 0.7131824969
238 883 0.7973503798
239 802 0.846893836
239 829 0.7955811936
239 851 0.7387878481
239 859 0.6870998125
239 883 0.8283702384
240 796 0.6695886555
240 829 0.7505996026
240 830 0.9432031898
240 883 0.8069888084
241 796 0.8567264212
241 825 0.7897788824
241 829 0.841511859
241 830 0.7180424652
242 825 0.8752928351
242 829 0.7773186929
243 800 0.7173719713
262 816 0.6720978812
262 823 0.6839967061
263 816 0.7410480129
263 846 0.6681206502
263 864 0.677776338
263 874 0.6768265823
264 784 0.8270648549
264 792 0.7137279498
264 816 0.6975796095
264 836 0.6897606512
264 846 0.7189383917
264 874 0.8200689253
265 816 0.7649209975
265 839 0.6899580754
265 871 0.7602182268
265 874 0.7995606007
266 800 0.8089801654
266 802 0.8484036548
266 816 0.764383424
266 845 0.7474375962
266 846 0.6773496648
266 851 0.826722011
266 874 0.7315589248
267 800 0.7136468576
267 802 0.881469064
267 816 0.764066794
267 830 0.7390087714
267 874 0.6878480766
268 796 0.8169168579
268 816 0.7860597343
268 830 0.8817234306
269 796 0.8614291705
269 816 0.8436534712
269 825 0.9021329232
269 883 0.7978149762
270 816 0.7310192591
270 825 0.7062498857
270 829 0.7700510613
270 846 0.6790578114
270 874 0.7819961532
271 859 0.7605322873
271 874 0.7297244722
290 823 0.6892012854
291 792 0.6830767365
291 864 0.7003799845
291 875 0.6819064133
292 784 0.8157784566
292 871 0.6869231529
293 800 0.6730695929
293 845 0.7695088757
293 851 0.7322343069
293 871 0.726613101
294 802 0.9009043303
295 802 0.8645003066
295 830 0.8589051817
296 796 0.8830506993
296 825 0.8883406598
296 830 0.9126600765
297 796 0.7151026844
297 816 0.753852293
297 825 0.8885443705
297 883 0.817200475
298 816 0.7981505423
298 829 0.7352741755
298 876 0.6995234668
299 846 0.6744691642
299 859 0.7003535519
299 874 0.6677649925
300 826 0.6763195687
316 826 0.7087937296
317 823 0.6766219744
318 821 0.6971958566
318 875 0.6698508127
319 784 0.7589678596
319 792 0.7318365325
319 836 0.7387217171
319 875 0.7008867949
320 784 0.7015887178
320 845 0.7161279111
320 851 0.7032818181
320 871 0.8178496214
321 845 0.6792733131
321 851 0.6924235923
322 802 0.9273578498
323 796 0.8843965586
323 802 0.8937704322
323 825 0.7913258174
323 830 0.9171085509
323 854 0.6769419115
324 796 0.9017202783
324 825 0.9259490325
324 830 0.8826766713
325 789 0.6794648928
325 825 0.6673898634
325 832 0.6922107166
325 883 0.7873572603
326 816 0.740171165
326 829 0.8324710669
326 870 0.6851292849
327 859 0.7641238168
328 824 0.7562460062
345 823 0.679445786
346 792 0.6823171306
346 839 0.7123566288
346 855 0.7004231152
346 868 0.7218442236
346 875 0.7142406418
347 784 0.7752087109
347 836 0.7568864559
347 851 0.7376069364
347 871 0.69835708
348 845 0.7371669508
348 851 0.7332603768
348 871 0.6743472136
349 834 0.7304115447
350 796 0.7213307045
350 802 0.9331798056
350 806 0.6906976043
350 815 0.6728442587
350 830 0.8069935079
350 854 0.725396939
350 877 0.6777249702
351 796 0.9235209455
351 802 0.9109932403
351 825 0.8800461668
351 830 0.9203761776
351 876 0.6850784693
352 796 0.8231243512
352 825 0.9182603819
352 830 0.705835873
352 843 0.6706756272
352 876 0.7215776177
353 789 0.6893960815
353 829 0.7562830883
353 842 0.6937635142
353 870 0.7773312841
353 872 0.6873180312
353 882 0.6926101684
353 883 0.8377502361
354 799 0.6918377715
354 816 0.6987640036
354 821 0.7265258457
354 829 0.7437545372
354 837 0.7141878984
354 859 0.741064044
354 872 0.7838022648
354 882 0.7053413462
355 824 0.7618376927
355 826 0.667564207
355 846 0.756013125
355 859 0.7104816266
371 826 0.7237956614
372 799 0.7249477909
372 837 0.6742739209
372 842 0.7134267157
374 800 0.7023580964
374 836 0.6895411815
374 875 0.6694619409
375 784 0.7387774433
375 845 0.695994417
375 851 0.7676196464
375 871 0.7659052447
376 798 0.7351908971
377 802 0.7008798458
377 805 0.6751749208
377 814 0.699540971
377 877 0.7159874501
378 796 0.9430929096
378 802 0.9480012886
378 805 0.6990851592
378 806 0.7493350311
378 825 0.8645548361
378 830 0.922262655
378 832 0.7458310381
378 876 0.7052522895
378 877 0.7318924377
379 796 0.9259266656
379 802 0.8896950336
379 805 0.6707541055
379 825 0.934081885
379 830 0.9040314419
379 832 0.6985392173
379 834 0.6760628612
379 843 0.6766749201
380 789 0.7019856342
380 821 0.7042282087
380 849 0.6783250573
380 870 0.7258507963
380 872 0.675922805
380 882 0.6944375233
380 883 0.71854239
381 789 0.6677264479
381 821 0.8380366234
381 829 0.9093893711
381 837 0.7288511942
381 842 0.8475280536
381 853 0.6695125639
381 872 0.8428292389
381 881 0.7164194633
381 882 0.8511690758
381 883 0.8256139265
382 799 0.7711779495
382 816 0.752747475
382 821 0.692934209
382 824 0.8028573175
382 826 0.7467322273
382 828 0.6678782539
382 837 0.7088059207
382 859 0.8679188839
382 874 0.811489056
383 813 0.6759090611
383 824 0.7775028177
383 826 0.7521724433
383 846 0.7816693728
383 865 0.7030192266
399 865 0.6968693899
400 799 0.6779162319
400 837 0.8248652258
400 862 0.7126011448
401 792 0.6897216749
401 842 0.6683048611
401 881 0.7170151976
402 784 0.7597462437
402 836 0.696414543
402 851 0.669614347
402 871 0.7058210753
403 871 0.6709305485
404 832 0.6844891419
405 796 0.7837227609
405 802 0.7263349833
405 825 0.8351460736
405 830 0.7328842472
405 832 0.8223075281
405 849 0.6790568161
405 870 0.746146394
406 796 0.9165256642
406 802 0.9479529185
406 805 0.6817852738
406 825 0.9375817949
406 830 0.9514142025
406 843 0.7142924593
406 849 0.7422280508
406 870 0.7543694174
406 873 0.7593712564
407 796 0.8578441065
407 802 0.841294597
407 825 0.7798016523
407 830 0.9046962274
407 841 0.68981528
407 843 0.7392218621
407 849 0.6676826279
407 870 0.7400431113
407 873 0.7412853037
407 879 0.6933495535
407 882 0.6715904705
408 789 0.7773624217
408 821 0.8434338359
408 829 0.9084518545
408 837 0.7344857766
408 842 0.7650352407
408 868 0.7313328854
408 872 0.8220965021
408 881 0.8084878698
408 882 0.8359277629
408 883 0.8391662177
409 799 0.7047726929
409 803 0.7018101499
409 821 0.8646267358
409 824 0.7051912669
409 826 0.7146531195
409 829 0.8606157087
409 837 0.8731903066
409 842 0.8464601291
409 853 0.7445588853
409 859 0.8702217528
409 872 0.7604132986
409 874 0.762771094
409 881 0.8094008033
409 882 0.7954386135
409 883 0.8215383504
410 799 0.7605362619
410 816 0.7570977047
410 824 0.8288468404
410 826 0.7560057557
410 846 0.6895015185
410 859 0.7141796239
411 813 0.7315105671
411 855 0.6978421852
411 865 0.761360422
427 865 0.6976219653
428 803 0.8000105529
428 837 0.6691141867
428 865 0.8034087572
429 803 0.7900325977
429 837 0.7236074201
429 875 0.6819199328
429 881 0.7405461314
430 784 0.7390336406
430 836 0.8011488315
430 837 0.6967850482
430 871 0.7170464974
432 803 0.7237591361
432 870 0.6681629292
433 796 0.937895492
433 802 0.7381775148
433 803 0.6743474527
433 825 0.9650741441
433 830 0.88271461
433 837 0.6713893064
433 840 0.708866805
433 843 0.7056691964
433 849 0.7534709202
433 870 0.8362986722
433 879 0.7165558961
434 796 0.8905022841
434 802 0.9273697939
434 825 0.8827292589
434 830 0.9543426928
434 837 0.7189156002
434 843 0.7722448628
434 849 0.6794523026
434 868 0.701215443
434 870 0.782375442
434 873 0.7194940571
434 879 0.7012594496
435 802 0.8147012552
435 803 0.6759172076
435 829 0.7961141471
435 837 0.7915429047
435 868 0.756502865
435 881 0.7711234409
436 789 0.7932614283
436 799 0.7118409349
436 803 0.7675614927
436 821 0.8220409475
436 826 0.7204967713
436 829 0.9174406015
436 837 0.8558619371
436 859 0.8087457401
436 868 0.7829613462
436 872 0.822565045
436 874 0.7598570175
436 881 0.8797097052
436 882 0.8368790296
436 883 0.862735916
437 799 0.8539669539
437 803 0.7299591861
437 816 0.787482128
437 821 0.7065268154
437 824 0.7388252282
437 826 0.8097423496
437 837 0.8340970042
437 842 0.8824471423
437 853 0.6835778684
437 859 0.8182970269
437 874 0.6752216136
437 881 0.8724534507
437 883 0.6683412603
438 799 0.6856777863
438 803 0.7414729063
438 816 0.8194542442
438 826 0.7005106528
438 842 0.6679725966
438 846 0.777077041
438 853 0.6888638858
439 813 0.7443518863
439 865 0.770776315
456 865 0.7031924152
457 881 0.7097137611
458 784 0.7084797005
458 836 0.7442038152
458 871 0.6705014324
458 881 0.6864688766
459 803 0.790822837
460 796 0.8040300429
460 803 0.7156335333
460 825 0.9385635303
460 841 0.6701400307
460 849 0.6947164949
461 796 0.9317841476
461 802 0.7862369465
461 825 0.9099062351
461 830 0.891751891
461 843 0.7323685615
461 879 0.7504997546
461 881 0.6951712456
462 786 0.7281513237
462 796 0.7754262824
462 802 0.9268949641
462 828 0.7620345225
462 830 0.9030080539
462 837 0.697882435
462 843 0.6834066217
462 868 0.6817113862
462 881 0.7061438776
463 802 0.7054129364
463 803 0.6697643376
463 821 0.6781371725
463 829 0.9410721558
463 837 0.7949022169
463 859 0.7570205673
463 861 0.6746063243
463 868 0.7547530387
463 872 0.7799223501
463 874 0.6793622521
463 881 0.8883777081
463 883 0.707483979
464 789 0.8973206243
464 799 0.6937206909
464 821 0.8040845495
464 824 0.6941403457
464 829 0.7262651257
464 837 0.7861043344
464 859 0.8491018421
464 861 0.6744957502
464 872 0.7204006112
464 874 0.7878970476
464 881 0.8478840728
464 882 0.9160834574
464 883 0.8398615445
465 799 0.8242093668
465 803 0.6801526587
465 815 0.6739869872
465 816 0.8051186533
465 826 0.7795834844
465 842 0.9116240356
465 846 0.7183108414
466 803 0.7212649228
466 853 0.7014059111
467 813 0.7600742189
467 865 0.7769213859
486 784 0.6726775008
486 871 0.6974571605
487 825 0.8459012648
488 796 0.9013972524
488 825 0.8989512594
488 830 0.7421515038
489 796 0.8562845411
489 802 0.8346144526
489 828 0.7272980918
489 830 0.9525862322
490 802 0.8343712272
490 828 0.7103048353
490 829 0.8836682923
490 830 0.726292308
490 868 0.714157961
491 821 0.848525876
491 829 0.8083360347
491 837 0.8501042877
491 859 0.8856819617
491 861 0.7313739884
491 872 0.8363273381
491 874 0.879440398
491 881 0.8559878426
491 882 0.7945289908
491 883 0.8566274423
492 789 0.8843344534
492 799 0.7822621267
492 824 0.7489681565
492 826 0.7484202567
492 846 0.7159955026
492 861 0.7585439294
492 881 0.6824015029
492 882 0.8521084486
492 883 0.769162435
493 799 0.8231396163
493 815 0.7161624236
493 816 0.8100635061
493 826 0.7073850416
493 842 0.8929588417
493 846 0.7577042561
494 813 0.7259223262
494 853 0.7413693821
495 813 0.7287155757
514 836 0.719988507
515 796 0.7450827114
515 825 0.9115924899
516 796 0.9190062173
516 825 0.772094043
516 830 0.8773664973
517 802 0.7125069672
517 829 0.6762982452
517 830 0.9449839941
517 868 0.6918705302
518 802 0.8084252723
518 829 0.9101176771
518 837 0.7141399191
518 859 0.8362206609
518 872 0.8581935861
518 874 0.8113845474
519 789 0.8142901998
519 801 0.7195671287
519 811 0.7279646433
519 821 0.7932969476
519 824 0.8487516516
519 837 0.7006126689
519 859 0.753366801
519 872 0.672848209
519 874 0.7220301316
519 881 0.756135353
519 882 0.8976288292
519 883 0.8535609233
520 789 0.9000092303
520 799 0.8083701962
520 824 0.7898998146
520 826 0.7270580921
520 846 0.7798252783
521 814 0.7000886035
521 815 0.7546021578
521 816 0.7754590405
521 842 0.8663569476
522 813 0.7510202787
522 853 0.7632739399
541 875 0.6927389758
542 825 0.8588010098
542 845 0.6965673891
542 862 0.6672762484
542 863 0.8053994362
543 784 0.7024677507
543 796 0.8709354771
543 825 0.8851401503
543 863 0.7136886058
544 796 0.8407585892
544 830 0.9177570198
545 802 0.7408242467
545 829 0.8895555607
545 830 0.8061826533
545 859 0.8345709124
545 868 0.7061815482
545 872 0.8165887789
545 874 0.7264921537
546 801 0.6697837052
546 802 0.8621120971
546 821 0.8176878559
546 837 0.7949110214
546 859 0.8175786945
546 872 0.8598836329
546 874 0.7950394023
546 881 0.7512487527
546 882 0.7006272421
547 789 0.8130666752
547 800 0.7373698712
547 824 0.8276264504
547 845 0.6855930436
547 846 0.7721619574
547 866 0.674622479
547 882 0.8940198403
547 883 0.8361650141
548 789 0.8339527813
548 792 0.680323859
548 799 0.8372937458
548 816 0.7290010075
548 846 0.7893879516
548 866 0.7265506203
549 784 0.7044221409
549 814 0.7035398316
549 815 0.8189272174
549 818 0.7014728366
549 819 0.6867596167
549 842 0.8041964453
549 854 0.668521943
550 853 0.7205954209
550 877 0.7614318285
570 796 0.7695875525
570 825 0.9609649701
570 863 0.6675954779
571 784 0.7163954309
571 792 0.7453326148
571 796 0.9109930928
571 801 0.7309328732
571 825 0.6730686237
571 845 0.8178240567
572 784 0.8413375815
572 792 0.755275223
572 801 0.7198352188
572 829 0.6691651333
572 830 0.9315492674
572 845 0.6789378772
572 859 0.6954781192
572 862 0.6896149063
573 784 0.7748156869
573 792 0.7131564924
573 802 0.8329856524
573 829 0.7718160814
573 835 0.7293289283
573 837 0.7482234371
573 845 0.7982506942
573 859 0.863402539
573 864 0.7068654068
573 872 0.8730244458
573 874 0.8646644079
574 784 0.77141002
574 792 0.7550071409
574 800 0.7537039366
574 802 0.8689192529
574 821 0.7781420942
574 823 0.7158776897
574 824 0.7802633536
574 835 0.7279586861
574 845 0.6832687477
574 846 0.7174740881
574 851 0.6699622277
574 864 0.74364471
574 866 0.7294633799
574 882 0.8840800911
574 883 0.6691275664
575 784 0.8184271464
575 789 0.8287652885
575 799 0.7192956025
575 835 0.7230208469
575 846 0.8209732602
575 864 0.6892152107
575 866 0.6763964214
575 869 0.7009843644
575 876 0.709565179
575 882 0.7299071139
575 883 0.7842900653
576 784 0.710650038
576 789 0.7389359643
576 799 0.7950304538
576 814 0.6765716344
576 815 0.6841937142
576 816 0.769472933
576 854 0.6750321502
577 815 0.8066760856
577 842 0.8020305424
577 877 0.7796254052
578 853 0.6757722718
579 834 0.6670181002
579 863 0.6994737716
595 876 0.6711023593
597 825 0.8284758783
597 858 0.7329554819
598 796 0.7995568819
598 811 0.7404698222
598 825 0.741240707
598 858 0.7180933175
599 796 0.8104926627
599 858 0.6917624858
599 866 0.7626501926
600 791 0.6751162938
600 800 0.6900475896
600 829 0.8474640582
600 830 0.8525418111
600 851 0.668746019
600 859 0.8476165527
600 866 0.7233384552
600 872 0.8985140124
600 874 0.7504306626
601 784 0.6926522813
601 802 0.7740951512
601 821 0.821567292
601 837 0.7035948899
601 851 0.7150214172
601 854 0.6837908328
601 872 0.6696683157
602 785 0.731939936
602 791 0.7099455193
602 802 0.8858694155
602 814 0.7770605006
602 824 0.7683068298
602 846 0.7707009397
602 854 0.6929501675
602 869 0.6840355313
602 876 0.7346386876
602 882 0.8794274294
602 883 0.7228683557
603 789 0.8279492268
603 799 0.7792636653
603 814 0.7540454103
603 815 0.7436267861
603 836 0.7030008494
603 854 0.741985292
603 877 0.6891114989
604 791 0.6988659961
604 815 0.7735177121
604 819 0.7463696826
604 836 0.6687641143
604 855 0.7275579659
604 856 0.7369039114
604 877 0.7795892153
605 817 0.6965646912
605 834 0.6740338821
605 842 0.713635432
606 806 0.7095230546
606 817 0.7335542767
606 834 0.679861655
606 853 0.7180240646
606 860 0.6713299854
624 876 0.6937689267
625 814 0.7418680426
625 854 0.6937952392
625 876 0.7327583382
626 796 0.70045129
626 807 0.6758759996
626 814 0.7696172777
626 854 0.7338123717
626 858 0.6757869762
626 876 0.7514669642
627 814 0.805665938
627 834 0.731940603
627 854 0.8279979969
627 876 0.7490136812
628 793 0.6787391967
628 814 0.7996532413
628 829 0.6925387276
628 834 0.7483282643
628 844 0.7251606702
628 854 0.773847118
628 872 0.7994738455
629 793 0.7280905473
629 802 0.7310687351
629 814 0.8332882349
629 819 0.7290799999
629 821 0.7202889486
629 824 0.7378282946
629 834 0.6950067936
629 846 0.6892423304
629 854 0.7960208247
629 855 0.6958010856
629 882 0.7451795527
630 793 0.7058536363
630 802 0.7693088839
630 814 0.7041857956
630 815 0.7890839045
630 819 0.8207380806
630 834 0.7116431649
630 836 0.7018949958
630 855 0.737146662
630 877 0.6961340845
630 882 0.7753749642
630 883 0.7485084759
631 789 0.7799157994
631 793 0.7920557733
631 799 0.7151569674
631 815 0.7705560055
631 819 0.7946666574
631 834 0.7248360033
631 860 0.7190570236
631 877 0.7279673914
631 880 0.7613926338
632 793 0.710551981
632 834 0.6992514923
632 860 0.790638511
632 880 0.717745396
633 805 0.7048752913
633 842 0.6674635312
633 860 0.7497694815
633 880 0.6772577402
654 841 0.7201079451
654 870 0.7359396794
655 819 0.7186359401
655 829 0.6795050213
655 841 0.7424953774
655 872 0.7839459925
656 819 0.7097659063
656 821 0.6893365355
656 841 0.7317709278
656 860 0.7117146954
656 877 0.6893792238
657 805 0.6799237798
657 808 0.6866123135
657 819 0.695706286
657 834 0.6878984513
657 860 0.8079010014
657 880 0.7261056219
657 882 0.7542204658
658 805 0.7447205616
658 834 0.7031814151
658 849 0.706308812
658 860 0.7919342031
658 883 0.6976230261
659 805 0.7189549675
659 860 0.7362002412
660 798 0.6925251548
660 805 0.7476665595
660 808 0.7189336347
