784






















































































































































424.3 429.5 432.0 436.1 438.7 448.9 451.5 455.0 455.1 459.5 474.9 477.3 478.8 486.4 
401.3 405.5 408.1 408.3 414.1 430.9 431.0 435.1 435.5 436.3 437.3 439.0 441.3 441.5 444.1 444.7 449.9 452.2 455.4 456.8 458.0 458.7 466.1 466.8 467.3 470.9 472.1 475.1 478.1 478.4 478.6 478.8 490.8 491.1 492.9 496.4 496.9 







434.9 449.3 452.4 461.2 477.8 487.6 
409.8 422.3 432.3 432.9 458.6 459.8 475.8 477.3 488.7 

















400.3 404.8 405.7 412.4 414.9 420.3 423.8 428.8 429.8 430.2 435.5 438.9 446.5 450.7 453.0 456.5 469.1 475.7 477.0 479.1 481.1 482.2 484.8 490.4 492.5 498.4 499.2 
400.3 403.2 406.2 406.4 410.0 413.2 416.3 417.3 417.9 420.3 427.9 428.1 428.7 429.4 430.6 431.7 432.8 434.0 434.2 436.6 439.5 440.2 443.7 444.2 444.6 445.7 446.7 447.1 456.3 461.6 463.7 463.9 464.9 466.5 466.8 467.7 469.0 474.1 476.4 477.9 479.1 479.9 481.2 482.7 482.9 486.0 487.4 489.4 489.6 491.5 491.7 493.6 493.7 494.4 496.3 498.9 







404.1 409.3 412.4 412.6 412.7 414.1 414.3 414.8 418.6 422.3 427.5 428.5 428.7 434.2 440.1 446.4 454.9 457.7 468.0 472.9 484.8 489.0 494.5 497.0 498.4 
401.4 401.5 401.8 405.6 416.1 418.8 427.4 433.3 434.1 436.6 438.6 443.0 443.7 446.0 446.5 453.4 455.5 457.4 463.4 468.0 468.7 470.1 472.3 477.0 479.1 485.2 494.4 495.3 497.7 498.2 499.2 
















426.3 
400.4 401.5 403.9 410.9 412.9 413.7 417.2 418.9 422.6 423.0 424.3 424.7 425.0 428.5 429.4 433.5 433.6 434.7 435.4 439.4 442.7 443.8 444.7 445.1 447.4 448.7 448.9 450.4 450.6 451.1 458.7 463.4 467.2 469.0 470.7 480.8 482.5 492.3 493.0 495.3 
401.5 403.0 408.4 409.2 410.2 412.5 413.2 414.3 415.0 415.7 415.9 420.3 420.7 421.1 422.6 426.1 427.8 428.1 431.6 432.6 433.2 434.2 435.9 436.4 438.4 441.3 443.6 445.1 447.9 449.3 452.1 454.8 459.6 459.9 460.7 465.8 467.6 467.8 475.4 488.3 488.4 488.6 490.2 491.4 492.3 495.6 497.2 497.9 







402.5 406.0 415.2 419.7 420.4 420.8 422.8 424.4 437.3 448.6 452.5 456.9 464.6 471.3 496.6 496.8 498.6 499.8 
401.0 401.1 402.7 402.9 403.6 403.8 405.2 405.5 410.7 413.2 414.4 417.1 418.9 421.7 425.9 426.0 427.0 427.8 436.5 438.1 439.5 440.6 441.6 442.1 451.0 452.5 454.0 456.1 457.9 461.3 464.1 464.3 465.0 465.7 466.4 467.1 468.1 476.2 476.9 479.9 482.8 483.2 491.1 492.5 493.0 493.4 495.8 496.6 
424.4 452.0 472.9 488.5 















408.8 414.5 423.5 427.0 429.6 439.2 454.6 456.6 461.7 464.7 468.3 474.1 475.7 480.4 481.1 493.6 497.9 
402.4 402.9 407.9 410.5 412.6 418.3 419.2 421.6 425.2 426.0 428.8 428.9 429.6 431.8 436.5 438.2 439.7 443.9 444.7 445.0 445.4 445.5 446.0 447.1 451.3 451.9 452.9 453.8 454.7 455.1 455.5 456.9 458.1 458.4 461.8 462.8 464.6 465.9 466.1 466.8 466.9 469.0 473.4 476.3 476.8 478.9 486.9 491.2 493.3 497.7 
409.4 409.9 411.3 415.9 432.8 434.6 436.3 437.4 456.3 458.6 459.8 461.3 464.2 464.8 466.7 474.5 475.0 482.0 491.1 493.5 496.5 







400.8 410.8 412.8 414.3 419.1 430.2 430.3 434.3 442.2 443.8 459.0 460.5 461.1 466.6 470.3 477.6 477.7 488.0 488.2 489.4 490.9 493.8 496.2 498.0 
400.9 404.7 405.5 407.2 407.4 408.4 410.3 412.0 414.0 420.1 420.3 421.7 422.7 423.6 427.5 429.5 430.4 431.7 433.8 436.7 436.9 437.1 437.3 438.2 438.5 439.3 440.4 440.8 445.0 445.8 449.0 450.2 452.7 460.7 461.4 461.9 462.1 466.2 468.8 470.2 473.1 475.8 476.4 477.4 478.2 479.0 480.2 482.0 483.3 483.7 484.2 485.4 487.1 488.5 489.4 495.5 496.9 498.1 499.5 
411.4 412.8 477.0 487.7 














404.0 404.8 414.8 416.4 418.7 446.3 450.6 451.0 469.5 475.5 484.0 490.0 
400.5 400.7 401.8 404.3 404.8 406.6 407.3 410.0 412.1 412.3 416.1 417.5 420.4 420.7 423.0 431.5 432.1 433.4 436.1 440.8 444.2 446.1 449.8 454.8 455.0 457.8 458.0 458.6 459.5 462.7 463.6 464.3 465.1 466.1 467.6 469.3 469.6 474.7 476.0 482.3 484.5 484.6 485.1 486.0 487.7 489.6 492.1 492.5 494.1 495.9 497.6 499.1 
403.7 405.5 405.9 407.8 410.3 415.5 415.6 416.3 418.9 422.7 427.0 430.4 430.5 433.5 433.9 434.9 437.0 437.3 439.2 441.9 458.2 469.9 474.0 475.1 480.1 482.4 485.7 485.8 488.8 490.1 497.1 
413.1 432.6 463.3 







406.2 406.4 409.2 409.4 410.0 416.0 416.6 417.4 418.2 419.2 421.2 424.7 428.6 432.8 433.3 434.4 440.5 441.8 442.1 442.5 447.1 447.7 451.9 454.3 457.0 457.4 459.6 459.7 460.3 463.8 466.5 466.8 469.2 472.4 473.0 477.4 478.9 480.5 481.6 484.0 489.6 493.3 493.6 496.7 497.7 498.9 
401.8 406.9 407.3 413.9 415.3 415.5 417.5 418.3 420.8 422.1 429.1 429.3 434.6 435.7 435.8 440.6 443.1 443.9 449.9 452.5 454.0 454.4 455.6 460.0 460.2 463.1 466.0 466.4 467.1 467.5 469.5 472.9 473.7 473.8 475.0 475.7 478.3 480.2 482.0 482.8 482.9 488.0 491.5 491.8 494.2 495.5 495.6 496.2 
422.4 430.4 443.6 445.6 459.1 460.8 469.6 














409.4 409.6 414.5 415.4 423.0 425.7 429.1 433.9 442.9 446.8 448.4 453.1 455.0 456.0 457.3 459.6 461.7 463.0 471.7 475.3 477.0 481.3 483.9 484.2 489.6 491.4 491.6 492.4 495.8 
401.6 404.2 406.0 407.5 407.6 408.1 408.6 409.8 410.9 412.7 414.0 417.4 419.1 421.1 422.1 437.7 442.5 443.4 443.8 444.4 445.1 447.2 447.3 453.3 456.7 457.7 459.2 462.2 462.5 468.2 470.5 472.7 473.9 475.1 481.1 481.6 485.7 492.0 494.3 497.7 498.6 
408.5 414.1 417.4 418.8 424.8 438.3 442.4 470.8 478.0 







432.3 481.6 483.4 493.6 
407.4 409.4 412.6 413.8 415.1 415.8 417.3 420.5 422.9 426.4 427.7 428.5 428.9 430.3 431.6 434.8 436.7 437.2 438.8 440.3 440.5 446.7 451.6 452.0 452.6 452.7 457.1 457.6 458.2 458.7 464.9 469.3 470.2 473.2 473.3 476.1 480.2 482.5 483.6 487.3 488.5 488.7 491.5 492.9 494.3 495.6 497.4 499.3 
400.0 400.7 400.9 401.0 402.6 403.3 404.0 404.1 407.6 410.1 413.3 413.7 415.8 418.0 419.1 421.7 426.6 430.8 434.5 434.8 436.6 444.3 444.4 446.0 447.6 449.7 451.3 453.9 455.7 456.9 457.8 461.5 465.1 465.4 470.4 472.3 482.8 486.5 489.4 492.1 492.4 492.5 494.4 495.8 498.0 498.1 498.6 499.3 
411.1 416.5 440.7 463.0 498.4 













406.7 408.4 429.5 431.8 451.9 460.1 463.2 480.2 
402.5 407.4 411.9 418.7 421.4 423.1 423.6 424.7 426.4 428.0 430.3 434.1 434.5 435.4 436.9 442.5 445.1 447.6 449.0 451.1 451.2 458.1 459.0 459.2 461.1 462.7 467.8 468.3 469.0 471.8 473.3 473.9 474.8 475.0 475.8 476.4 478.6 484.9 493.9 495.2 498.1 
407.6 411.5 413.1 415.3 416.0 416.8 417.1 417.3 419.0 421.6 421.7 423.4 424.9 428.0 432.0 432.5 432.8 434.1 436.4 436.5 436.9 438.3 447.5 450.7 451.5 454.0 455.6 468.5 473.1 474.2 474.8 481.0 481.6 483.8 485.6 490.9 493.6 498.0 








403.9 406.1 409.3 411.4 412.3 412.9 415.5 417.7 418.3 426.3 434.4 434.6 438.8 442.3 448.4 451.5 452.6 460.3 461.1 461.4 462.8 465.0 467.7 471.2 483.2 489.1 489.9 491.2 492.6 497.5 499.3 499.6 
400.9 401.0 402.4 404.1 405.6 406.7 406.8 408.2 409.7 416.8 420.2 422.2 425.5 426.6 427.0 429.0 430.7 433.7 436.2 437.3 442.1 443.7 449.4 449.8 450.5 453.8 455.1 456.4 458.3 461.8 463.1 465.7 468.7 471.8 473.2 475.6 476.4 478.2 479.3 489.5 490.5 491.7 497.4 497.6 498.3 499.6 
404.7 405.8 410.0 414.6 417.3 417.5 435.8 437.2 442.9 443.5 444.0 448.2 452.3 455.8 456.2 459.1 461.7 465.1 472.6 473.9 475.0 477.9 483.7 484.2 484.7 486.8 486.9 487.3 487.5 496.2 497.1 498.2 














404.7 406.9 412.9 414.0 420.2 420.3 424.6 425.1 427.4 435.2 437.1 439.2 441.7 449.3 452.5 457.8 465.8 466.8 467.3 468.8 469.0 470.1 473.6 479.4 488.4 490.3 492.8 493.2 495.1 
400.5 406.0 406.5 410.9 412.3 415.3 429.3 431.6 432.6 435.6 438.1 441.3 441.5 445.5 446.6 448.1 453.7 454.0 454.1 455.5 457.8 458.7 462.7 465.8 466.0 466.3 466.5 467.5 469.8 470.8 475.2 476.6 476.7 477.8 480.9 482.1 486.9 489.5 489.7 499.1 499.6 499.7 
401.5 401.6 410.2 412.5 423.6 423.9 443.9 446.6 449.2 453.1 453.5 454.7 457.2 457.5 457.8 460.9 464.0 466.8 471.3 482.7 491.7 496.7 







429.3 435.4 465.2 468.6 496.6 
400.9 403.1 406.7 412.4 412.6 412.7 415.2 416.6 418.4 421.9 424.2 424.9 425.6 427.0 431.2 433.7 437.6 441.4 443.5 446.8 447.1 448.6 448.8 462.6 464.8 465.6 466.2 469.7 470.1 471.2 473.4 477.6 477.9 478.9 486.5 487.3 487.9 489.2 492.3 492.8 493.5 495.4 496.4 498.8 
404.4 404.9 406.5 415.6 416.8 417.3 417.4 421.7 423.1 424.6 424.7 425.2 426.9 427.2 430.0 430.2 431.2 432.2 433.3 435.2 438.0 440.9 444.2 445.8 446.3 447.7 449.6 449.8 452.3 456.7 457.7 459.4 459.8 462.7 463.8 468.3 468.7 469.4 471.4 475.5 475.8 477.4 478.6 478.7 479.6 480.1 481.7 484.2 488.8 491.1 492.2 493.1 494.8 496.1 496.9 499.5 
408.5 409.5 413.4 421.0 423.4 439.2 458.8 463.3 476.8 484.9 













424.0 428.9 439.1 439.5 448.2 457.1 
400.5 402.4 406.6 413.6 416.1 432.3 434.1 438.6 443.9 449.1 450.3 453.5 454.4 455.3 459.1 465.1 465.2 467.3 469.2 469.8 471.0 474.3 475.9 476.2 480.5 481.0 484.0 487.5 487.8 490.1 495.5 497.1 
401.5 401.6 402.6 403.1 405.5 406.8 407.6 407.8 411.9 412.9 414.0 417.2 417.3 418.7 419.8 420.7 424.2 424.3 428.1 429.6 431.1 431.2 432.7 433.3 435.1 435.6 436.1 437.7 439.5 439.7 442.2 442.5 443.5 446.5 446.6 446.9 447.8 448.1 448.2 449.5 449.8 451.4 451.5 451.7 456.3 457.3 459.1 459.5 462.0 462.7 462.9 463.2 464.4 465.4 472.8 473.6 473.7 473.8 474.8 476.4 478.1 479.7 480.0 480.2 482.3 485.5 485.8 486.5 488.2 488.9 491.7 492.0 494.9 495.5 497.1 498.1 498.4 








402.3 404.8 405.6 406.1 416.1 417.8 420.6 427.1 433.1 434.5 437.6 444.6 448.4 454.6 458.0 464.1 464.8 470.0 476.1 482.3 482.4 487.4 487.5 487.6 497.0 498.7 
401.4 402.6 403.4 404.0 404.1 405.0 407.0 407.8 414.1 414.2 414.6 416.8 418.0 420.3 420.8 427.8 430.1 430.4 430.7 431.0 431.5 431.7 433.3 437.0 438.2 439.6 441.4 441.6 442.4 443.8 445.6 447.0 447.6 448.0 448.3 448.4 449.6 450.3 452.2 454.1 455.1 460.4 462.9 463.1 468.1 473.7 476.5 479.7 480.7 484.1 488.3 489.2 490.9 493.4 498.8 499.7 
400.0 400.2 404.5 405.3 405.8 406.7 408.6 409.2 410.3 415.9 416.3 418.5 420.2 428.7 430.4 431.9 434.4 436.7 437.0 437.4 437.9 444.3 449.0 454.8 455.4 455.6 458.0 458.7 461.8 462.7 472.1 475.3 475.6 476.1 480.9 486.2 488.0 488.2 488.4 488.7 488.9 493.7 493.8 














431.0 432.6 442.3 450.1 459.8 475.6 476.4 
403.2 403.6 404.8 405.8 406.9 414.7 415.6 416.4 419.1 425.3 427.4 428.3 430.8 433.4 434.4 435.0 436.7 438.0 438.1 438.3 445.0 447.1 450.0 450.1 455.0 457.3 459.1 462.6 462.9 466.7 467.1 467.5 467.9 469.5 473.5 474.5 476.5 476.8 477.2 480.4 481.2 487.3 488.0 489.4 490.6 492.1 494.1 495.3 499.3 499.5 
403.8 407.0 416.7 419.6 426.1 428.7 429.1 432.6 438.4 441.4 443.3 444.6 445.6 446.7 449.7 453.0 458.3 462.8 463.3 464.5 465.3 466.7 469.2 472.3 473.3 474.0 474.4 476.2 481.4 482.0 482.4 484.2 486.2 488.0 494.6 495.2 498.6 








402.1 403.8 405.4 405.8 408.8 409.8 410.9 425.4 429.5 437.3 438.3 438.4 439.0 441.1 441.3 441.9 444.2 444.6 446.4 449.0 449.1 451.9 453.1 453.2 454.5 455.7 456.4 457.5 457.9 458.4 460.2 463.7 470.5 471.0 472.9 485.1 485.8 487.3 488.4 493.2 498.7 499.0 499.2 
402.3 416.9 421.3 422.6 423.8 424.1 424.5 425.8 429.7 430.2 433.4 433.9 434.3 438.3 439.3 440.5 441.2 441.4 442.2 443.0 443.7 447.4 447.7 447.8 447.9 451.3 456.4 457.5 461.6 461.7 462.9 463.1 463.6 463.8 466.8 469.1 472.6 472.9 473.4 477.2 477.7 480.0 482.8 483.4 483.5 490.4 497.8 497.9 499.7 
407.6 407.7 408.5 411.4 418.1 428.1 429.7 433.3 443.7 445.4 445.9 446.7 447.4 452.2 460.4 460.8 461.5 463.1 464.7 471.8 476.6 480.5 483.1 484.2 486.4 492.9 493.6 495.2 498.1 498.6 














432.9 463.0 
400.0 402.3 404.4 405.1 405.4 405.5 409.9 412.7 413.8 419.5 422.4 422.5 427.4 427.7 429.2 429.8 434.0 434.6 435.7 438.7 442.4 448.4 449.5 450.5 452.4 454.4 460.3 465.0 465.6 465.8 466.0 469.2 475.4 477.5 482.8 486.2 486.3 488.8 489.9 492.8 495.4 
400.2 402.6 402.8 404.3 405.6 406.1 412.4 413.8 414.6 415.4 417.5 421.7 422.3 427.8 431.1 432.7 433.3 436.9 437.6 440.2 443.2 445.5 456.0 456.5 457.5 460.1 461.9 466.8 467.7 472.8 478.8 480.3 482.5 483.0 483.8 484.8 487.1 487.6 487.9 489.0 489.5 490.0 490.2 492.2 
482.9 






410.2 429.8 475.7 475.8 
403.8 407.1 407.4 408.5 409.6 412.7 413.3 413.8 414.8 415.9 416.1 416.6 417.9 418.1 419.4 419.5 423.3 423.7 424.7 425.1 431.5 432.2 432.8 438.2 443.9 445.9 446.5 448.7 449.2 449.5 453.4 455.0 457.2 460.2 461.0 462.9 464.4 464.8 466.7 473.4 475.2 480.5 481.2 482.4 483.0 483.3 487.9 489.8 491.7 492.4 492.6 494.5 494.7 
401.6 404.0 409.2 410.3 410.6 411.0 417.6 417.7 418.4 421.8 423.7 425.6 430.4 432.0 433.9 434.7 436.1 437.3 438.0 439.3 443.6 444.2 444.9 445.8 450.7 450.8 454.9 455.8 460.4 465.5 465.6 465.8 467.6 468.7 469.8 475.8 476.4 478.7 481.9 483.4 484.4 485.2 488.1 489.0 491.6 492.8 498.7 
406.5 411.6 411.7 414.1 430.8 444.0 449.0 449.7 453.1 454.6 455.2 456.0 457.4 458.6 460.8 462.5 462.6 464.7 466.4 468.5 472.5 482.1 484.0 499.7 















401.7 402.5 405.1 406.3 406.5 406.9 413.6 414.0 417.3 417.4 418.1 419.9 420.1 420.3 421.0 425.4 426.9 429.6 434.7 435.8 441.1 442.2 450.5 451.9 455.3 457.6 464.5 466.8 467.2 468.0 469.7 472.8 478.1 484.0 484.5 485.8 487.4 488.2 491.8 492.1 494.9 495.3 496.5 496.6 498.4 
400.0 400.2 402.9 405.8 406.5 406.7 407.4 409.7 412.4 414.1 414.8 414.9 420.1 420.4 422.6 422.8 424.2 424.8 428.0 432.7 436.5 437.5 438.9 440.1 442.0 450.6 451.5 452.4 457.5 457.7 458.0 460.2 460.9 464.6 470.8 471.0 474.0 476.0 477.8 478.0 481.0 481.3 482.9 483.3 483.7 484.9 489.3 489.6 495.3 497.3 
400.2 401.1 401.3 405.4 405.6 405.8 411.6 416.1 417.3 420.3 421.1 425.5 426.9 427.4 428.6 437.3 438.5 445.1 454.7 454.8 461.4 462.1 466.3 477.3 477.8 478.0 478.6 478.8 483.8 484.9 485.3 488.9 490.4 493.0 493.3 493.8 495.5 498.4 499.8 
402.6 408.3 409.8 413.2 418.7 424.9 425.9 426.2 441.8 443.8 444.3 445.8 447.6 454.3 495.6 
409.0 426.6 432.8 438.4 451.4 457.2 467.2 484.0 488.2 491.3 
409.3 411.4 414.4 419.0 428.7 437.5 444.3 444.8 449.5 463.8 466.9 471.6 472.7 480.2 481.2 485.0 490.9 497.1 
414.3 417.7 436.7 444.0 452.3 460.0 460.8 465.6 470.6 485.9 486.8 490.3 493.6 494.0 497.7 
417.3 418.2 422.7 423.3 431.2 433.5 434.3 442.5 449.4 449.8 454.0 459.7 460.6 462.9 476.2 482.6 490.5 491.6 497.5 498.2 
401.1 407.2 408.4 408.9 412.3 422.8 424.0 425.2 436.7 437.5 444.7 445.7 446.3 448.7 449.3 449.7 451.1 457.6 460.3 465.4 471.2 471.7 473.6 475.1 479.7 481.9 482.2 485.1 487.7 
400.4 402.3 411.4 413.0 413.2 420.3 420.8 421.9 425.3 432.0 432.8 433.2 437.9 438.9 439.9 451.2 452.8 455.1 455.7 458.2 461.2 462.7 464.3 465.0 467.4 468.1 468.6 475.4 476.0 478.6 481.0 485.3 488.1 488.7 491.0 492.2 494.7 497.6 497.9 499.6 
401.5 402.5 403.3 403.7 405.7 405.8 407.8 409.6 410.2 413.0 420.8 421.1 422.3 425.4 430.1 434.6 435.8 436.5 437.9 441.8 442.0 444.7 446.4 456.0 464.0 467.2 467.6 469.2 469.9 470.2 474.7 475.0 478.4 479.6 481.1 481.3 481.4 482.4 483.2 484.0 485.8 491.4 491.5 491.7 497.1 498.6 
405.6 408.5 414.5 414.8 418.6 420.1 420.6 421.5 424.4 426.7 428.8 431.6 432.3 433.6 441.2 441.5 444.3 444.6 444.7 445.7 446.3 446.7 449.2 454.3 454.5 456.1 456.2 457.1 460.6 462.2 466.2 467.5 467.7 470.3 472.5 474.6 475.7 479.2 480.7 480.9 481.5 481.7 481.9 482.8 488.7 493.5 494.6 495.9 
406.5 407.6 416.7 427.5 430.5 432.1 433.5 439.4 440.0 441.5 455.0 455.2 456.9 462.2 468.0 470.7 473.3 479.6 488.6 494.6 















405.4 412.7 413.4 414.5 415.5 419.9 429.5 433.7 446.2 450.9 471.6 
400.5 410.9 420.0 422.1 422.4 422.6 423.2 425.4 425.7 430.9 431.2 432.3 433.4 435.3 438.9 439.2 440.5 441.9 442.3 444.8 446.4 450.2 450.5 453.4 457.6 463.4 465.7 466.4 470.4 471.6 472.1 472.6 480.6 481.1 483.1 495.0 497.3 
404.9 411.3 415.9 416.4 419.0 423.1 424.7 428.4 428.8 431.3 437.1 439.5 440.0 442.3 445.8 446.0 447.6 450.3 450.8 453.2 453.8 455.6 456.8 457.0 461.9 465.8 468.0 470.6 472.9 473.1 476.6 477.4 483.6 484.1 486.6 491.4 493.4 494.7 499.7 
400.3 407.6 408.4 409.8 410.1 410.3 411.2 414.9 416.7 417.7 420.3 423.6 423.8 425.6 429.1 429.4 430.1 430.4 431.4 432.1 434.9 436.3 436.9 441.4 444.7 444.8 445.3 445.8 448.6 448.9 450.4 452.0 455.8 458.5 458.6 459.6 460.9 463.1 463.2 464.2 464.8 465.6 466.2 469.1 469.5 469.9 472.5 479.0 479.4 480.4 480.6 482.8 484.2 484.5 486.1 486.7 486.9 496.4 
403.5 406.3 411.7 416.2 424.0 424.3 425.3 428.1 430.7 431.1 432.3 433.4 435.3 435.4 436.5 436.7 437.0 439.5 441.0 441.3 444.6 446.8 447.8 450.9 452.0 455.2 457.3 457.4 458.0 458.5 463.0 464.5 467.3 470.9 471.8 472.0 474.5 477.3 477.8 478.7 480.9 481.5 482.3 484.1 495.2 496.7 496.9 498.6 
400.8 402.5 403.7 403.8 404.7 405.1 406.9 407.4 408.3 408.4 408.6 411.5 412.7 415.9 416.4 418.9 422.2 422.3 426.0 426.1 428.2 428.6 431.0 436.7 436.9 439.1 442.2 445.6 446.8 448.5 449.9 452.0 457.7 458.3 459.7 461.4 465.1 469.4 469.8 472.4 473.6 481.1 484.9 485.2 487.9 491.1 497.7 499.1 499.5 
400.9 406.6 408.6 409.9 411.2 412.6 413.7 414.7 414.8 415.7 416.0 416.7 419.3 422.0 426.8 431.4 433.2 435.9 436.1 436.9 437.8 438.2 438.6 440.6 447.1 447.2 447.5 449.8 450.3 451.1 451.3 456.8 458.6 459.7 459.9 462.4 463.2 467.1 468.6 472.0 473.8 475.7 480.1 482.9 485.0 485.4 489.5 490.6 499.2 
402.1 402.3 404.6 407.8 409.8 410.0 411.5 411.6 411.8 412.7 413.2 413.3 415.6 416.5 416.8 421.1 426.8 428.3 431.2 431.4 432.3 433.9 435.7 438.9 440.6 443.6 444.6 445.5 453.3 453.5 453.6 454.7 454.9 458.2 458.4 461.1 463.4 467.8 468.2 468.5 469.6 470.6 473.3 487.7 494.4 495.1 497.7 497.9 499.2 
402.6 402.9 404.9 407.9 409.2 410.7 411.5 419.6 424.5 425.5 429.3 432.1 433.3 438.0 442.4 447.3 447.4 454.2 459.2 459.9 460.0 460.6 463.0 463.2 464.3 465.9 467.4 473.1 474.9 478.9 479.2 480.2 481.1 481.6 483.2 484.9 485.2 485.9 488.6 491.2 496.2 
400.7 404.1 404.4 404.8 407.8 410.7 410.8 413.0 415.0 415.5 415.8 420.9 422.3 423.2 426.1 426.7 429.2 429.5 431.9 433.4 436.2 436.6 438.3 444.1 444.7 445.2 445.7 446.8 447.5 448.0 448.9 453.2 456.1 459.6 461.4 461.7 462.6 462.8 463.1 466.3 466.9 467.7 470.5 474.1 474.4 478.2 478.4 478.9 480.6 484.6 487.8 490.7 
402.1 403.6 405.4 406.3 409.0 410.7 410.9 413.2 418.4 422.3 422.9 427.5 429.5 431.6 433.1 434.8 437.2 437.9 442.2 442.5 443.8 444.8 445.9 446.7 449.4 450.1 450.6 458.8 459.2 461.6 463.5 466.8 470.5 470.7 476.3 477.0 484.6 486.8 489.9 492.4 496.5 497.6 498.8 
400.5 404.3 408.9 411.5 411.6 413.9 414.1 417.5 418.0 419.9 421.3 422.0 422.6 423.7 424.7 425.1 428.5 431.8 432.0 432.1 439.5 446.2 446.3 447.0 447.1 450.7 452.7 452.8 456.5 457.9 461.3 462.4 467.4 468.8 470.2 471.6 477.2 479.2 486.4 487.5 492.1 495.1 496.3 497.2 497.6 
431.2 452.2 479.2 

















406.3 417.3 429.0 440.0 443.7 458.7 484.7 488.2 
403.2 415.6 420.6 423.7 431.9 434.5 440.3 455.7 459.2 461.5 466.3 473.7 474.8 475.3 494.0 497.3 
402.5 406.3 414.8 426.6 441.2 441.3 443.6 452.0 453.5 468.0 468.6 474.9 479.1 482.9 484.2 486.3 486.9 493.2 493.3 
403.2 407.8 411.5 417.4 420.1 422.6 426.2 440.6 450.3 450.8 463.4 467.6 488.9 492.5 
408.9 409.1 431.4 431.9 433.5 441.9 443.9 446.9 463.8 470.6 480.1 482.7 491.3 492.7 


403.0 405.0 405.9 407.4 410.4 411.4 415.2 416.1 418.1 426.7 438.2 441.3 449.4 450.3 455.2 455.3 459.7 460.6 468.2 468.8 471.0 471.5 474.8 478.1 479.5 480.3 485.3 487.9 488.0 490.8 492.9 494.9 495.3 495.6 496.8 499.5 
402.7 405.1 408.8 411.8 416.3 418.2 418.3 418.8 419.1 419.5 421.8 423.3 425.1 425.8 428.2 431.7 435.6 441.3 445.1 446.7 449.5 451.8 453.7 455.7 457.4 459.5 463.0 466.3 467.3 468.6 470.1 472.3 478.1 478.6 481.8 482.0 482.8 486.5 487.3 491.1 492.0 493.9 495.1 498.1 
400.2 401.6 405.1 405.4 406.6 407.5 408.7 409.3 411.9 417.9 418.0 418.1 420.8 423.4 424.4 425.8 426.1 427.1 430.0 430.7 433.0 433.9 435.5 436.0 438.1 439.6 443.0 444.6 445.0 449.2 449.8 450.8 454.2 461.4 462.8 465.3 469.1 470.0 472.9 474.0 478.1 478.8 479.1 480.1 480.3 481.9 482.9 485.3 487.7 490.0 491.5 492.3 492.5 494.2 495.0 499.9 

























408.5 411.3 412.6 413.7 414.0 420.1 426.1 430.1 436.2 438.5 441.7 442.6 448.3 459.7 461.6 465.7 468.1 468.4 469.1 470.1 470.3 471.2 474.9 478.0 479.0 480.6 488.4 491.7 
400.5 400.7 403.3 403.4 404.0 407.2 417.2 418.7 420.7 424.6 425.2 426.1 426.5 427.4 427.8 430.0 432.4 435.4 436.2 438.7 439.8 441.4 443.1 446.9 451.3 456.9 458.5 460.3 460.7 460.8 460.9 463.6 464.7 467.6 470.4 475.7 477.0 479.2 482.5 487.4 491.9 495.5 496.3 498.0 
402.0 404.6 406.0 407.4 407.7 411.1 411.2 412.6 412.7 415.1 417.8 425.8 427.9 429.2 432.6 434.1 437.0 437.4 440.6 442.9 446.3 448.2 449.0 454.9 455.6 456.7 457.4 457.5 459.3 465.3 465.6 466.1 466.4 468.1 469.9 475.1 476.5 477.1 478.0 478.4 481.6 482.7 484.4 485.6 489.2 492.9 493.2 493.4 495.5 496.1 497.1 499.3 
412.0 422.6 439.1 441.1 445.6 456.2 460.8 464.3 469.4 475.0 492.5 
























404.6 405.1 411.7 412.0 413.1 415.4 420.1 423.3 426.7 435.9 437.7 437.9 442.5 446.2 451.0 452.0 453.6 456.4 462.6 467.9 471.6 482.7 489.0 497.8 
400.4 400.9 403.3 403.9 408.6 410.1 411.0 413.0 415.0 416.3 417.1 417.4 418.6 419.4 421.0 421.7 422.1 424.4 425.2 427.8 429.0 437.2 442.4 444.2 450.4 457.7 458.1 460.6 462.5 463.8 464.1 464.8 464.9 465.1 465.3 466.3 468.1 470.1 472.4 473.1 477.8 479.1 479.5 482.5 482.6 483.1 483.2 485.9 488.7 490.8 491.0 499.4 
400.3 401.6 404.1 405.6 408.6 408.9 409.0 411.2 411.3 412.8 413.4 414.1 421.5 423.7 424.4 426.7 427.1 427.4 427.7 429.1 429.4 429.8 430.0 434.9 435.5 436.3 442.4 443.1 444.7 445.4 445.9 448.4 449.5 450.0 451.7 452.3 453.3 455.3 456.7 457.0 458.3 458.6 464.6 465.3 465.9 468.7 473.3 476.5 476.9 477.2 478.9 480.0 480.5 486.4 489.3 489.8 491.7 492.0 493.8 493.9 495.5 497.6 497.8 

























405.0 406.3 414.2 415.1 422.1 431.5 442.5 442.6 445.7 449.2 461.1 461.7 466.9 471.1 471.5 475.5 476.1 476.7 477.4 479.3 479.5 484.7 488.2 489.8 491.5 499.3 
401.7 404.4 404.6 406.2 406.9 408.3 408.6 413.3 415.6 416.9 418.9 420.0 420.1 421.5 423.9 427.6 427.8 439.2 444.0 444.9 445.2 446.3 447.6 449.5 453.0 453.5 453.9 459.1 460.8 461.1 461.7 473.0 475.6 476.7 478.5 479.2 479.8 480.0 482.1 483.6 484.4 487.4 488.6 499.9 
400.1 401.7 402.0 402.2 403.4 403.9 406.1 406.8 408.7 409.4 411.8 416.8 418.4 420.2 420.3 425.4 425.8 428.4 430.3 431.2 431.5 438.0 438.6 439.2 442.9 443.6 446.2 447.7 449.0 450.7 450.8 454.0 455.1 456.3 456.9 457.8 459.2 460.2 461.3 464.0 470.2 470.9 472.3 472.9 473.2 476.6 478.3 478.6 480.2 481.8 485.6 486.5 489.3 490.6 494.7 495.1 497.1 499.6 

























400.0 407.9 409.6 419.5 420.5 426.6 433.1 435.9 437.1 445.8 450.0 450.1 455.7 459.8 463.8 465.9 467.3 472.5 479.3 480.4 483.5 484.8 494.1 
400.5 408.0 411.2 412.2 417.3 418.2 418.4 418.8 419.1 423.0 423.7 425.6 425.9 427.2 427.4 431.2 431.6 432.3 433.5 435.2 438.4 441.2 443.1 447.2 448.7 449.0 450.5 450.6 451.4 453.4 457.1 457.9 464.1 464.6 466.4 472.6 475.5 475.9 477.7 479.2 481.9 482.3 484.5 485.4 486.5 497.2 497.5 497.9 499.4 499.5 
401.2 403.6 406.5 408.7 411.2 412.5 413.2 415.1 416.2 420.1 421.4 421.9 423.8 430.9 431.8 431.9 433.2 438.2 439.7 440.0 445.3 445.7 446.9 448.1 450.5 452.0 452.7 453.6 455.5 456.5 462.0 467.0 468.7 473.6 475.0 476.6 478.8 484.2 484.5 489.1 489.3 490.8 491.6 497.1 498.3 498.9 

























401.0 401.2 402.5 406.3 406.4 416.2 418.6 420.5 421.3 421.9 422.7 430.9 431.0 432.0 436.1 436.2 436.8 437.5 440.3 443.6 443.8 444.2 444.4 449.0 451.1 451.4 452.1 453.8 454.9 456.3 458.7 459.9 463.9 465.6 466.1 466.9 469.4 472.5 475.6 476.2 477.4 477.7 482.5 483.4 483.6 483.9 484.0 488.1 488.4 490.2 493.8 497.2 
401.0 406.5 409.0 410.1 411.9 420.1 420.2 420.5 420.7 422.1 423.1 424.9 426.5 427.1 428.7 430.3 430.6 431.0 433.5 433.6 435.1 435.7 436.2 436.4 436.6 439.3 439.5 441.9 445.5 448.0 451.6 453.3 456.5 458.0 458.7 458.9 460.5 462.2 463.7 469.8 471.8 473.2 473.8 474.4 476.3 478.2 480.5 481.2 490.7 492.5 494.7 497.6 
403.0 409.5 411.9 422.2 427.3 429.8 433.4 433.5 438.1 445.7 445.9 448.1 455.5 455.6 461.4 467.8 476.1 480.2 492.6 498.5 499.4 

























402.3 405.7 405.8 406.7 407.9 413.9 416.1 418.5 420.2 420.8 420.9 421.3 422.6 423.2 424.0 425.5 429.0 430.7 431.1 433.1 440.9 441.7 442.5 443.8 445.1 449.1 451.2 453.2 455.3 455.7 458.0 458.9 461.1 462.4 465.6 465.7 466.5 466.7 470.7 471.0 473.6 479.1 481.3 482.0 483.3 483.9 485.3 485.5 489.8 491.7 
405.4 415.9 424.4 439.2 440.1 447.3 466.6 478.1 487.9 491.7 494.2 






























































































