784






















































































































1842.3 1892.6 1894.5 
1802.7 1809.2 1841.3 1847.5 1866.6 1867.6 1885.9 
1807.1 1807.7 1809.5 1814.3 1821.1 1831.1 1833.2 1834.6 1839.7 1841.1 1857.2 1862.1 1867.7 1868.8 1870.8 1874.1 1874.4 1875.2 1875.5 1876.5 1876.8 1878.6 1880.8 1883.3 1886.8 
1800.0 1800.6 1801.2 1808.1 1809.3 1814.6 1823.6 1824.5 1839.0 1839.3 1846.5 1848.4 1849.5 1851.0 1856.4 1859.7 1862.3 1866.2 1867.2 1875.7 1880.5 1882.2 1891.4 1892.5 1895.8 1896.8 1897.5 
1811.1 1826.6 1829.3 1844.6 1871.1 1878.5 1884.7 1887.1 1888.1 1892.4 






















1816.7 1824.6 1834.0 
1800.4 1802.1 1807.8 1811.5 1814.0 1816.6 1819.7 1821.7 1821.8 1825.6 1826.5 1827.5 1835.5 1841.5 1842.6 1847.1 1847.7 1850.7 1851.4 1851.5 1852.6 1855.4 1857.8 1861.5 1865.1 1872.6 1875.6 1876.3 1885.3 1889.3 1895.3 1895.9 1897.4 
1802.5 1806.6 1807.2 1808.7 1811.8 1813.0 1816.2 1816.9 1818.2 1818.5 1819.1 1830.4 1834.3 1836.0 1837.8 1840.3 1840.6 1840.7 1844.3 1848.1 1850.2 1853.6 1854.2 1855.4 1861.1 1866.1 1866.6 1866.9 1867.1 1867.5 1869.6 1873.0 1873.4 1874.5 1875.0 1879.4 1880.2 1883.0 1883.8 1887.1 1888.7 1888.9 1889.2 1895.6 1897.1 
1802.6 1804.4 1807.4 1813.4 1818.8 1822.4 1823.6 1825.6 1827.7 1828.4 1828.6 1831.5 1841.4 1842.6 1844.6 1845.1 1846.8 1847.3 1847.5 1848.5 1849.1 1852.4 1854.5 1855.8 1856.8 1862.1 1862.4 1863.2 1864.7 1865.7 1867.2 1867.4 1869.9 1874.4 1878.9 1882.0 1882.3 1883.8 1884.9 1887.0 1889.5 1889.6 1890.0 1891.7 1894.3 1897.4 1898.9 
1804.6 1806.2 1806.7 1808.2 1809.4 1809.9 1811.1 1813.0 1815.6 1817.9 1819.8 1826.8 1827.2 1827.7 1827.9 1828.8 1835.4 1836.8 1839.0 1843.2 1845.1 1846.8 1847.5 1847.8 1848.9 1849.6 1849.9 1852.2 1852.5 1854.9 1859.2 1861.4 1863.1 1865.7 1867.5 1869.0 1869.2 1871.1 1871.4 1871.7 1877.0 1879.6 1881.0 1881.6 1884.7 1885.1 1885.7 1885.8 1886.2 1886.9 1888.7 1889.2 1899.3 
1801.7 1802.0 1802.1 1803.9 1804.1 1807.3 1809.9 1814.9 1817.1 1820.3 1821.3 1822.5 1824.7 1829.8 1830.2 1831.6 1833.6 1834.9 1842.3 1847.4 1848.5 1853.5 1855.9 1857.4 1860.6 1861.3 1865.3 1866.4 1866.5 1867.6 1876.5 1876.6 1881.1 1884.7 1885.7 1886.4 1887.1 1890.8 1891.3 1893.0 1894.4 1897.2 1898.2 
1805.3 1805.9 1810.3 1814.0 1819.1 1820.4 1826.6 1828.2 1830.9 1834.2 1834.8 1839.4 1840.1 1845.4 1845.9 1849.5 1850.5 1854.6 1856.5 1856.6 1859.9 1866.2 1869.1 1869.9 1870.9 1873.8 1874.7 1878.4 1878.5 1878.7 1879.3 1879.6 1882.3 1886.7 1891.6 
1806.1 1813.7 1830.1 1837.2 1855.8 1870.7 1887.2 




















1803.4 1805.2 1805.5 1812.6 1820.2 1824.8 1825.7 1826.4 1827.2 1827.7 1830.1 1840.4 1842.7 1846.5 1846.8 1847.4 1852.1 1857.6 1879.8 1885.2 1885.4 1885.6 1886.3 1891.3 1892.5 1895.8 
1800.5 1801.2 1802.0 1809.4 1812.1 1814.6 1815.2 1816.4 1819.0 1819.9 1820.0 1822.0 1822.2 1827.8 1830.7 1832.2 1833.8 1836.3 1840.6 1841.0 1841.6 1841.8 1843.3 1843.6 1843.8 1845.7 1847.7 1849.5 1851.0 1853.3 1854.2 1854.9 1858.3 1861.2 1864.4 1866.3 1870.1 1870.3 1871.4 1872.6 1876.2 1876.5 1876.7 1876.8 1877.4 1879.3 1881.6 1881.9 1882.6 1884.0 1884.1 1886.6 1892.9 1895.1 1895.6 1896.6 
1800.3 1801.5 1807.9 1808.1 1825.5 1827.0 1828.2 1832.9 1833.2 1835.9 1840.1 1840.5 1843.4 1843.9 1847.7 1852.7 1860.0 1864.3 1872.1 1872.5 1874.1 1874.8 1876.5 1878.8 1879.1 1881.2 1882.3 1883.7 1887.4 1889.3 1891.3 1892.4 
1800.6 1801.0 1801.5 1805.1 1807.2 1808.5 1812.6 1815.0 1817.4 1818.5 1823.6 1824.5 1826.9 1828.3 1835.1 1841.7 1845.6 1846.9 1847.5 1848.9 1852.9 1854.0 1857.7 1858.2 1863.1 1864.6 1867.8 1868.8 1869.6 1871.5 1874.8 1874.9 1875.7 1877.0 1877.7 1881.6 1884.8 1886.9 1891.2 1891.3 1893.1 1894.9 1899.6 1899.9 
1801.3 1801.6 1802.2 1805.0 1806.3 1816.3 1816.9 1819.0 1819.8 1820.2 1823.5 1825.3 1826.0 1832.6 1838.6 1839.4 1840.6 1842.4 1844.1 1845.0 1845.4 1847.4 1855.7 1856.7 1859.2 1860.6 1861.2 1861.5 1861.6 1862.5 1864.1 1865.3 1865.9 1866.6 1866.8 1869.5 1870.2 1880.0 1883.9 1884.9 1885.3 1886.9 1887.2 1887.9 1888.4 1889.9 1890.6 1890.9 1893.2 1895.8 
1803.5 1807.0 1809.7 1812.8 1814.5 1815.8 1817.9 1818.4 1820.4 1820.8 1821.5 1827.4 1832.0 1832.1 1834.3 1836.4 1839.3 1841.2 1842.4 1847.8 1850.5 1851.9 1853.4 1854.4 1863.7 1868.0 1869.0 1870.3 1873.4 1876.0 1877.4 1879.7 1881.1 1882.5 1882.9 1883.9 1884.5 1889.2 1889.6 1890.7 1892.4 1892.9 1894.1 1899.2 
1800.4 1807.8 1809.3 1811.4 1814.5 1815.0 1818.8 1820.8 1821.7 1822.4 1824.2 1826.7 1829.2 1830.1 1830.6 1834.8 1835.4 1839.8 1841.9 1843.6 1848.0 1854.9 1856.4 1858.9 1859.7 1862.8 1863.1 1863.5 1864.4 1865.5 1871.4 1873.1 1873.3 1875.1 1876.6 1886.4 1887.4 1888.6 1892.8 1893.1 1893.5 1893.6 1895.6 1896.3 1897.1 1899.3 
1800.9 1804.2 1804.9 1807.7 1811.6 1812.3 1815.0 1816.1 1817.9 1822.3 1823.6 1826.9 1828.8 1830.8 1831.5 1831.8 1832.4 1835.7 1837.8 1839.9 1844.0 1847.3 1853.8 1859.6 1861.4 1862.3 1863.8 1864.5 1869.7 1872.1 1875.0 1877.3 1881.7 1882.4 1882.7 1883.6 1886.3 1887.3 1890.0 1891.5 1892.5 1893.7 1894.7 1895.2 1898.2 
1806.6 1814.6 1831.0 1835.3 1836.6 1840.0 1854.9 1859.0 1859.5 1862.6 1868.2 1882.5 1885.5 1892.8 1893.1 1895.8 1897.1 1899.6 



















1801.7 1803.5 1806.6 1806.8 1808.5 1820.8 1823.0 1831.9 1835.7 1843.9 1855.8 1860.9 1861.2 1862.7 1872.9 1875.9 1890.2 1893.2 1898.1 
1800.4 1801.4 1801.7 1805.7 1806.0 1807.8 1815.4 1821.2 1821.5 1822.6 1823.7 1823.9 1824.1 1826.1 1827.2 1828.4 1828.6 1830.7 1831.8 1832.0 1835.5 1837.1 1839.5 1846.9 1847.5 1847.9 1851.7 1852.5 1854.0 1858.2 1864.3 1869.8 1878.4 1880.6 1880.9 1882.3 1882.5 1883.3 1886.7 1889.0 1889.7 1890.0 1891.0 1891.1 1893.0 1895.1 1896.6 
1800.6 1801.5 1801.7 1802.9 1803.7 1804.5 1806.9 1818.4 1822.8 1823.6 1824.7 1825.4 1826.8 1827.1 1829.0 1829.3 1829.8 1834.4 1837.0 1839.5 1843.9 1846.1 1847.3 1847.7 1849.6 1851.8 1852.1 1855.9 1857.3 1860.7 1861.3 1862.7 1864.0 1864.2 1864.9 1867.5 1867.6 1874.5 1875.9 1877.3 1880.5 1882.5 1882.8 1884.3 1884.9 1888.1 1888.2 1893.2 1893.8 1894.0 1895.8 1898.5 
1801.8 1802.2 1813.6 1816.4 1819.4 1822.3 1827.3 1838.7 1844.5 1847.0 1849.4 1850.9 1852.2 1857.2 1861.4 1871.8 1872.1 1873.0 1891.4 1893.0 1898.5 
1800.0 1803.5 1805.3 1805.9 1817.5 1824.2 1844.0 1848.0 1861.5 1871.8 1888.3 1893.9 1895.4 
1800.9 1815.6 1816.9 1826.7 1833.6 1838.1 1846.4 1850.5 1851.4 1854.4 1858.3 1865.0 1866.9 1870.8 1871.6 1872.7 1878.8 1879.6 1889.0 1893.3 1899.4 
1803.2 1803.5 1803.7 1805.7 1807.3 1811.2 1811.4 1812.0 1813.0 1813.4 1817.6 1818.8 1819.4 1822.0 1822.4 1823.1 1824.0 1824.7 1829.9 1830.7 1830.8 1838.1 1842.2 1842.9 1844.8 1844.9 1845.9 1849.5 1851.3 1851.4 1853.4 1853.7 1856.4 1857.3 1858.7 1859.0 1860.0 1865.6 1865.9 1866.2 1867.6 1868.0 1873.6 1875.3 1876.1 1877.9 1882.6 1884.8 1887.9 1892.5 1894.3 1897.0 1898.0 
1800.0 1800.6 1800.9 1801.4 1803.7 1804.3 1805.6 1806.2 1806.8 1808.4 1809.5 1811.2 1811.7 1814.0 1820.5 1821.1 1825.3 1827.1 1827.4 1827.5 1827.7 1828.9 1830.8 1832.5 1833.2 1835.7 1839.2 1839.9 1841.3 1848.0 1854.9 1863.3 1866.1 1868.4 1870.2 1870.5 1872.8 1873.4 1875.2 1875.4 1876.1 1876.4 1876.8 1877.4 1879.3 1879.6 1884.6 1884.9 1892.0 1892.7 1893.9 1894.4 1894.7 1896.4 1896.6 1898.5 1898.8 1898.9 
1803.3 1805.1 1810.1 1812.2 1812.4 1813.7 1813.8 1814.1 1814.9 1818.5 1820.4 1821.2 1822.2 1825.8 1830.4 1830.5 1832.8 1832.9 1833.8 1835.6 1835.8 1839.3 1840.1 1843.8 1851.5 1855.8 1856.4 1856.5 1859.0 1859.4 1863.0 1863.4 1863.9 1864.2 1865.0 1866.3 1868.4 1870.7 1873.2 1873.3 1874.8 1875.2 1875.5 1877.3 1880.9 1882.6 1883.1 1883.4 1883.5 1888.7 1892.9 1893.3 1894.4 1898.1 1898.4 
1803.2 1806.2 1808.9 1814.7 1819.8 1822.8 1826.0 1847.0 1848.9 1851.2 1851.9 1855.1 1856.4 1857.3 1858.1 1861.6 1862.5 1874.1 1874.9 1878.6 1883.2 1885.0 1886.9 
1817.2 1820.0 1880.4 

















1803.6 1803.8 1809.6 1817.8 1817.9 1823.4 1823.7 1824.1 1826.4 1827.3 1829.8 1831.9 1833.6 1837.1 1837.9 1848.9 1854.1 1862.5 1862.7 1867.1 1868.0 1868.4 1874.6 1879.1 1887.4 1887.8 1888.1 1890.9 1891.9 1894.2 1895.9 1896.0 1897.6 
1802.0 1806.5 1807.2 1808.2 1809.6 1810.3 1812.3 1817.7 1818.1 1820.0 1820.9 1825.0 1826.2 1831.8 1832.3 1832.6 1834.3 1835.2 1837.7 1838.2 1840.8 1843.3 1848.4 1852.9 1853.4 1854.0 1855.4 1855.7 1855.8 1863.6 1866.1 1867.3 1868.8 1875.3 1876.0 1876.7 1879.2 1881.0 1882.6 1883.4 1883.7 1883.8 1884.4 1888.4 1890.7 1891.7 1892.8 1893.3 1894.0 1894.7 1895.5 1899.5 
1809.4 1812.9 1813.3 1815.1 1825.0 1830.9 1834.2 1834.3 1836.0 1837.6 1838.5 1838.9 1839.4 1845.9 1846.5 1849.4 1850.5 1850.7 1853.0 1858.2 1858.7 1860.4 1861.1 1862.0 1867.0 1874.2 1877.9 1879.8 1880.7 1882.7 1886.1 1891.1 1892.4 1896.3 1897.8 1897.9 1899.7 



1804.5 1809.8 1810.5 1811.1 1820.4 1826.7 1836.7 1838.6 1839.8 1841.8 1863.1 1868.7 1872.9 1874.7 1881.4 1899.8 
1809.3 1810.1 1811.9 1812.0 1813.7 1817.6 1820.5 1828.4 1829.5 1834.8 1836.2 1836.3 1837.2 1839.5 1842.1 1842.5 1848.2 1852.1 1853.8 1854.0 1854.9 1856.7 1860.1 1860.2 1862.1 1864.9 1869.1 1871.6 1875.2 1876.8 1878.0 1878.3 1878.8 1880.5 1882.2 1884.8 1885.4 1890.3 1894.4 1897.4 1898.9 
1801.3 1804.7 1808.0 1811.9 1813.2 1815.4 1817.3 1818.3 1818.8 1819.3 1819.5 1819.9 1820.1 1823.9 1826.2 1827.0 1827.2 1828.1 1829.4 1831.8 1832.5 1834.6 1835.3 1835.8 1837.3 1838.1 1838.9 1839.4 1839.8 1840.6 1844.9 1848.0 1848.6 1848.9 1850.2 1850.9 1857.9 1858.9 1863.7 1865.1 1867.4 1867.6 1867.8 1872.3 1873.5 1875.1 1877.0 1877.5 1885.4 1888.6 1889.1 1890.8 1891.5 1893.6 1893.8 1898.9 1899.4 
1800.0 1800.1 1800.5 1800.9 1808.0 1808.7 1813.8 1813.9 1815.3 1820.0 1821.4 1821.5 1822.7 1824.1 1825.3 1826.0 1828.5 1830.8 1831.8 1838.3 1842.6 1842.8 1843.1 1844.0 1848.2 1851.2 1852.3 1852.5 1857.8 1858.5 1860.7 1862.0 1862.8 1866.7 1870.4 1871.7 1873.5 1878.2 1878.5 1881.7 1882.0 1884.3 1888.0 1891.5 1893.3 1893.4 1894.0 1894.7 1895.8 
1802.3 1803.4 1804.8 1806.6 1811.5 1812.9 1813.3 1816.6 1822.0 1824.8 1830.4 1830.5 1842.4 1845.9 1851.0 1856.0 1867.1 1869.2 1869.5 1874.7 1878.5 1888.0 1889.7 1894.8 1896.3 
1837.9 
















1800.9 1801.6 1805.6 1806.6 1807.9 1810.5 1813.6 1815.0 1815.5 1816.4 1820.4 1821.2 1821.5 1824.9 1825.3 1827.6 1827.7 1827.8 1828.7 1829.9 1832.6 1833.3 1834.1 1835.2 1839.6 1840.1 1844.0 1844.1 1844.7 1855.8 1856.3 1859.5 1859.9 1865.5 1866.0 1870.4 1872.0 1874.8 1875.1 1880.7 1883.8 1884.2 1885.5 1886.9 1887.5 1888.5 1889.4 1894.4 1894.8 1895.7 1896.4 1898.0 
1800.6 1803.3 1805.2 1806.0 1806.3 1808.7 1811.0 1811.2 1812.9 1813.6 1817.9 1819.9 1821.4 1822.6 1822.8 1824.8 1828.7 1834.7 1835.6 1836.3 1845.8 1848.9 1849.4 1850.2 1850.9 1853.0 1860.2 1863.1 1864.6 1864.8 1868.2 1870.2 1876.2 1878.5 1878.6 1879.6 1879.9 1881.4 1883.6 1884.3 1886.5 1890.2 1894.3 1895.3 
1833.6 1838.2 1853.9 1868.5 1892.6 




1800.5 1808.1 1812.1 1817.9 1822.6 1822.8 1823.6 1837.8 1840.3 1849.4 1867.9 1872.4 1885.1 1895.1 
1806.8 1808.0 1808.3 1812.5 1813.7 1818.8 1821.3 1822.9 1823.8 1825.8 1829.5 1829.6 1833.8 1835.0 1836.3 1842.5 1846.2 1848.7 1850.1 1853.8 1860.7 1862.0 1863.5 1864.0 1865.6 1867.9 1868.1 1871.5 1876.0 1877.9 1882.4 1884.7 1886.6 1887.1 1890.0 1890.8 1893.5 
1807.5 1807.8 1809.7 1810.5 1811.2 1811.5 1815.0 1819.2 1821.1 1822.2 1822.7 1823.7 1826.5 1826.9 1830.2 1837.5 1844.5 1848.7 1849.0 1849.8 1851.2 1851.4 1853.5 1854.4 1857.9 1858.7 1860.7 1861.4 1864.2 1864.4 1868.5 1869.9 1872.2 1873.0 1873.5 1875.5 1876.8 1879.4 1880.2 1880.9 1883.6 1884.8 1887.7 1888.8 1889.4 1890.4 1891.6 1892.2 1892.5 1894.3 1895.0 
1800.6 1804.3 1805.5 1810.9 1811.3 1813.2 1814.2 1817.8 1819.4 1821.3 1821.4 1821.8 1826.1 1826.5 1827.4 1828.9 1830.4 1833.5 1834.2 1834.4 1835.4 1838.4 1839.9 1840.3 1842.5 1844.5 1844.9 1845.1 1845.5 1847.2 1847.6 1851.0 1853.1 1855.1 1855.7 1855.9 1856.9 1862.3 1863.2 1865.8 1866.0 1866.4 1866.9 1867.5 1869.6 1872.8 1873.0 1878.0 1878.4 1880.0 1883.5 1884.1 1884.5 1887.7 1889.8 1891.7 1892.0 1892.1 1892.4 1894.3 1895.2 
1800.5 1800.8 1803.4 1805.0 1808.5 1814.1 1814.2 1815.8 1820.5 1820.6 1823.3 1825.3 1827.3 1834.3 1835.9 1836.1 1839.9 1854.2 1854.7 1855.2 1856.6 1863.2 1863.3 1865.7 1868.4 1871.2 1875.8 1880.0 1882.2 1884.7 1885.7 1886.3 1891.3 1894.1 1894.9 1896.7 1898.4 1898.8 
1866.8 















1800.9 1807.7 1809.5 1810.2 1811.3 1816.2 1818.0 1824.6 1829.4 1830.7 1836.8 1839.6 1840.9 1843.7 1844.3 1845.8 1846.3 1847.2 1847.8 1849.9 1851.7 1851.9 1853.5 1855.8 1861.9 1862.0 1864.7 1866.9 1867.0 1872.7 1873.7 1880.2 1888.6 1890.4 1896.7 
1804.2 1805.8 1806.3 1806.7 1808.9 1810.0 1811.7 1814.7 1817.5 1817.6 1817.8 1820.0 1820.6 1822.3 1822.9 1835.6 1835.7 1839.1 1841.4 1841.5 1841.7 1846.5 1849.8 1850.1 1850.7 1858.4 1860.3 1860.8 1861.3 1866.7 1875.3 1877.0 1877.6 1878.5 1881.1 1883.0 1885.3 1885.6 1885.7 1886.8 1886.9 1888.0 1889.0 1890.4 1893.6 1897.6 1898.1 
1801.5 1802.4 1829.0 1861.4 1882.0 





1802.4 1805.2 1808.1 1810.4 1813.9 1816.1 1816.5 1825.1 1852.3 1852.8 1864.9 1870.1 1887.2 1891.4 
1802.4 1803.6 1804.1 1804.3 1804.7 1804.8 1809.7 1810.0 1812.4 1815.1 1815.5 1815.7 1817.0 1819.4 1819.7 1821.4 1825.0 1827.2 1828.4 1829.8 1834.5 1835.6 1835.9 1837.2 1839.4 1839.5 1842.2 1842.4 1843.0 1844.7 1845.6 1847.4 1848.7 1858.8 1861.6 1862.1 1864.6 1872.3 1875.3 1878.6 1879.4 1880.6 1882.3 1884.2 1885.2 1886.6 1889.0 1895.4 1898.9 1899.5 
1800.6 1800.7 1802.1 1815.5 1820.5 1823.4 1823.7 1829.4 1838.1 1840.5 1842.3 1842.4 1843.9 1846.0 1847.2 1847.7 1849.1 1851.3 1853.4 1854.2 1855.2 1865.0 1869.6 1870.3 1873.2 1874.8 1874.9 1877.5 1877.7 1879.5 1880.5 1881.3 1885.8 1886.1 1886.7 1887.9 1890.7 1892.7 1894.3 1895.7 1895.8 1898.5 
1800.1 1806.2 1808.4 1809.2 1809.6 1810.6 1812.2 1813.8 1814.0 1816.1 1816.8 1817.2 1818.6 1821.4 1821.5 1823.4 1824.2 1825.2 1826.8 1827.6 1834.1 1836.4 1841.8 1843.0 1843.8 1847.9 1851.7 1852.5 1852.7 1853.9 1854.1 1854.3 1857.2 1859.3 1863.3 1867.3 1870.0 1870.1 1872.9 1874.7 1875.6 1878.3 1882.3 1882.5 1886.3 1886.6 1888.2 1889.5 1890.4 1892.0 1897.0 1897.1 1897.9 1899.7 
1804.1 1805.9 1810.9 1812.0 1835.8 1838.9 1842.3 1842.9 1845.8 1876.2 1885.9 1893.2 1897.5 















1806.6 1807.6 1811.3 1819.7 1820.1 1821.1 1829.8 1830.4 1833.3 1838.3 1840.7 1844.4 1844.7 1855.3 1862.3 1870.0 1877.3 1877.8 1880.6 1881.3 1881.7 1883.5 1885.6 1886.2 1889.7 1893.8 1899.7 
1803.6 1805.4 1806.1 1809.7 1811.6 1813.2 1819.3 1819.5 1820.0 1825.3 1831.1 1833.3 1837.1 1839.9 1840.4 1841.3 1841.5 1844.2 1848.3 1852.2 1853.6 1854.0 1856.0 1859.0 1862.3 1862.5 1863.6 1863.8 1869.5 1876.0 1878.7 1880.7 1882.3 1884.9 1890.8 1891.2 1894.6 1894.9 1895.1 
1819.3 1863.2 1866.5 1881.8 1890.4 

1800.0 1809.3 1809.6 1810.5 1813.9 1815.4 1822.3 1823.7 1835.6 1839.4 1875.7 1880.2 1892.8 1893.5 1894.4 1895.8 1897.1 
1802.3 1808.9 1810.4 1811.5 1813.5 1815.7 1817.0 1817.8 1819.1 1820.2 1825.3 1826.7 1829.3 1835.9 1837.7 1842.2 1843.0 1844.4 1845.9 1846.7 1847.0 1848.7 1849.8 1852.1 1852.3 1855.3 1860.2 1860.5 1863.9 1864.4 1864.6 1865.1 1865.5 1866.9 1867.3 1870.8 1873.6 1874.2 1874.9 1875.0 1875.9 1879.6 1881.2 1881.6 1882.6 1884.1 1889.0 1889.2 1890.9 1892.1 1892.3 1894.6 1899.0 
1800.9 1802.9 1807.5 1821.5 1823.0 1824.4 1830.0 1833.3 1838.8 1857.3 1860.1 1863.1 1864.7 1869.4 1882.8 1886.5 1888.7 1895.5 
1809.6 1812.6 1836.3 1839.7 1841.4 1845.3 1845.5 1848.8 1849.3 1854.6 1858.6 1859.8 1866.1 1867.0 1883.9 1894.8 
1800.2 1806.2 1835.2 1837.7 1841.6 1851.1 1852.3 1852.7 1857.1 1863.9 1874.9 1876.1 1877.3 1893.5 
1800.2 1800.5 1802.2 1803.3 1806.4 1810.9 1812.2 1812.7 1822.9 1823.0 1824.0 1831.7 1837.2 1842.8 1843.1 1843.2 1845.3 1845.5 1849.0 1856.3 1859.5 1860.4 1861.5 1861.6 1864.4 1865.8 1866.1 1867.5 1867.6 1871.6 1878.2 1883.6 1886.4 1892.3 1894.4 1894.9 
1804.7 1809.9 1810.8 1815.4 1816.6 1818.7 1818.9 1821.6 1824.7 1827.2 1830.8 1832.0 1832.4 1834.0 1834.4 1836.1 1838.5 1843.0 1844.8 1845.2 1847.0 1847.8 1849.4 1852.2 1853.0 1854.9 1856.3 1860.0 1860.6 1865.1 1868.8 1869.3 1870.8 1872.9 1873.2 1875.3 1875.6 1882.7 1884.7 1887.4 1887.9 1888.3 1889.5 1897.4 
1800.3 1801.0 1807.2 1808.3 1813.2 1815.7 1822.0 1827.2 1827.3 1828.5 1829.0 1830.0 1831.7 1837.4 1838.6 1842.3 1844.3 1844.8 1848.6 1848.7 1848.9 1851.2 1851.8 1852.2 1852.8 1855.1 1857.1 1858.3 1859.4 1859.8 1863.3 1869.8 1872.6 1877.8 1878.0 1878.8 1880.8 1881.9 1885.6 1886.2 1887.4 1889.4 1891.5 1897.5 
1802.0 1802.5 1804.7 1821.7 1825.9 1828.5 1830.0 1832.2 1838.3 1840.4 1844.1 1852.5 1853.5 1856.4 1860.6 1862.8 1863.8 1865.7 1866.6 1867.6 1867.7 1868.2 1870.7 1872.1 1891.5 















1805.2 1809.3 1821.6 1822.4 1822.5 1824.2 1828.6 1830.9 1833.7 1839.2 1854.7 1864.3 1864.7 1866.5 1879.5 1890.6 1893.0 1898.4 
1802.4 1803.3 1806.6 1808.4 1808.9 1810.7 1813.2 1814.4 1815.5 1817.3 1820.8 1821.0 1821.4 1824.3 1825.3 1829.8 1835.6 1837.4 1842.6 1843.5 1843.7 1846.4 1849.2 1850.4 1851.0 1853.6 1854.5 1854.8 1856.2 1857.1 1857.6 1861.0 1861.5 1862.3 1864.7 1864.8 1865.6 1868.0 1868.6 1874.7 1876.8 1878.7 1880.1 1880.9 1882.6 1882.8 1882.9 1885.3 1886.1 1892.5 1892.6 1893.8 1893.9 1895.0 1896.2 1898.8 1898.9 
1806.4 1807.7 1813.3 1814.5 1817.4 1832.0 1837.7 1839.5 1850.0 1858.5 1858.6 1859.9 1864.8 1873.7 1886.3 1890.4 1896.6 1899.0 
1822.6 1825.1 1858.5 1862.4 1878.4 
1805.4 1805.8 1807.1 1808.8 1810.7 1811.2 1812.1 1812.9 1814.9 1816.5 1817.1 1820.5 1821.5 1822.3 1824.3 1825.8 1825.9 1833.5 1838.6 1844.1 1844.2 1844.7 1844.8 1849.3 1849.6 1851.4 1854.3 1856.1 1856.6 1857.6 1859.1 1864.8 1865.4 1866.0 1868.4 1868.9 1872.7 1875.3 1877.9 1878.1 1880.1 1880.2 1881.5 1881.8 1882.4 1885.8 1886.9 1889.6 1890.3 1892.1 1896.5 1897.7 
1801.3 1803.7 1804.3 1804.8 1805.0 1807.3 1807.4 1811.7 1814.5 1815.2 1815.4 1816.6 1817.6 1818.0 1820.3 1826.7 1829.5 1829.7 1833.5 1834.4 1835.1 1837.5 1841.5 1842.2 1842.8 1848.6 1848.7 1849.7 1850.6 1852.5 1854.1 1856.0 1858.2 1862.7 1863.3 1863.4 1868.5 1872.0 1874.4 1877.5 1880.2 1881.6 1886.6 1889.4 1893.4 
1800.9 1804.1 1805.3 1809.7 1811.9 1813.4 1814.0 1816.0 1816.2 1817.1 1820.4 1822.5 1822.6 1822.8 1823.8 1826.7 1829.3 1830.0 1831.4 1842.3 1843.3 1846.5 1852.1 1855.5 1857.8 1863.3 1866.3 1867.3 1867.9 1870.5 1872.5 1873.5 1874.3 1874.6 1881.6 1882.4 1882.5 1882.8 1883.1 1885.4 1886.0 1886.6 1887.4 1890.0 1890.6 1892.1 1894.4 1897.3 1899.1 
1804.1 1807.0 1813.3 1814.7 1817.1 1819.3 1821.8 1822.4 1825.0 1830.0 1830.1 1833.3 1835.4 1836.9 1837.5 1842.7 1844.1 1845.5 1849.1 1850.7 1850.8 1852.0 1852.9 1854.2 1860.1 1864.3 1865.0 1865.3 1866.1 1869.8 1870.8 1873.7 1874.8 1877.9 1880.2 1884.0 1889.1 1889.4 1890.4 1894.1 1894.4 1897.6 1899.0 
1800.7 1804.1 1804.2 1805.2 1805.4 1806.2 1807.9 1811.1 1811.2 1812.8 1815.4 1819.1 1820.4 1821.2 1823.8 1824.2 1824.5 1824.6 1825.0 1825.7 1828.5 1831.7 1831.9 1832.9 1835.6 1837.9 1840.9 1843.9 1845.0 1845.7 1846.6 1848.7 1851.6 1851.7 1852.5 1853.9 1854.3 1860.2 1861.9 1862.6 1864.1 1869.3 1869.6 1869.7 1871.2 1872.6 1877.9 1878.5 1879.3 1881.0 1882.0 1882.1 1883.8 1884.6 1886.5 1887.2 1891.6 1891.7 1893.8 1894.5 1898.7 1899.5 
1804.1 1805.0 1807.1 1809.5 1816.5 1816.6 1818.5 1819.4 1820.0 1824.7 1827.2 1833.2 1835.2 1836.6 1836.7 1836.9 1838.8 1839.3 1839.8 1841.0 1841.7 1841.9 1846.1 1846.6 1847.2 1852.6 1853.1 1854.4 1855.8 1859.3 1860.8 1861.4 1865.5 1865.6 1865.9 1866.6 1873.7 1874.2 1876.8 1877.0 1886.7 1887.8 1888.4 1889.6 1891.2 1891.5 1892.9 1894.0 1898.7 1899.5 
1800.4 1804.0 1808.7 1810.8 1811.5 1813.4 1818.5 1818.6 1819.0 1819.7 1832.6 1833.2 1833.8 1835.6 1839.8 1841.6 1843.7 1844.9 1845.4 1848.6 1850.2 1850.7 1858.8 1860.4 1861.6 1865.3 1865.9 1869.1 1870.1 1870.9 1873.3 1874.8 1877.8 1877.9 1878.0 1878.2 1878.6 1884.1 1886.7 1888.6 1893.2 1898.2 
1802.9 1804.6 1807.6 1807.9 1809.7 1813.0 1814.8 1816.8 1817.4 1819.1 1822.7 1826.1 1826.6 1829.8 1833.6 1833.7 1836.2 1836.8 1838.7 1840.2 1842.6 1842.7 1844.1 1844.5 1845.1 1847.6 1852.4 1855.9 1856.2 1859.3 1862.1 1862.3 1863.2 1863.4 1863.6 1870.0 1870.2 1871.2 1873.1 1876.1 1879.1 1880.7 1882.7 1883.7 1884.5 1887.7 1887.8 1888.1 1890.6 1893.0 1894.3 1898.4 1899.1 1899.9 
1804.2 1807.0 1807.7 1808.0 1810.7 1811.3 1817.3 1819.1 1823.5 1824.0 1824.2 1825.5 1825.7 1828.9 1829.7 1833.9 1834.0 1834.6 1834.9 1835.6 1839.0 1839.6 1842.5 1852.4 1856.9 1857.7 1860.6 1869.7 1869.8 1870.6 1876.4 1878.4 1883.8 1884.6 1887.9 1891.6 1893.2 1894.7 1896.6 1897.6 1897.7 1898.1 
1809.8 1815.2 1841.6 1843.0 1845.1 1848.2 1850.3 1854.6 1854.9 1857.6 1857.7 1861.4 1865.3 1866.2 1869.3 1870.5 1871.6 1891.9 1892.7 1897.9 
1870.3 1879.5 1881.4 













1800.2 
1800.3 1817.6 1821.1 1821.7 1827.3 1831.8 1832.6 1853.7 1856.0 1856.2 1859.0 1878.6 1879.0 1880.6 
1802.6 1831.0 1863.3 
1818.4 1820.6 1826.8 1830.6 1837.5 1844.3 1854.6 1860.9 1875.1 1877.3 
1801.4 1801.7 1802.2 1805.7 1807.7 1809.7 1812.8 1815.0 1817.7 1818.4 1818.7 1819.0 1821.4 1821.7 1822.8 1824.2 1824.9 1828.1 1828.5 1833.1 1838.0 1839.8 1840.0 1840.5 1841.0 1842.5 1843.5 1845.5 1849.0 1850.1 1850.5 1852.5 1853.1 1861.5 1864.9 1868.4 1868.5 1868.6 1869.1 1870.8 1876.5 1876.6 1878.0 1879.5 1879.7 1879.8 1881.6 1882.4 1890.2 1892.1 1892.3 1894.1 
1800.7 1802.0 1803.4 1804.2 1805.1 1805.7 1806.4 1807.0 1808.0 1809.5 1812.2 1815.0 1816.8 1818.4 1818.7 1818.8 1819.5 1820.0 1820.3 1826.9 1828.3 1829.5 1832.3 1835.3 1836.3 1836.7 1840.1 1840.3 1844.7 1845.6 1849.2 1850.1 1850.8 1851.9 1852.3 1854.2 1854.5 1855.2 1856.2 1856.5 1860.1 1861.0 1861.7 1862.0 1863.9 1867.1 1871.4 1872.6 1874.8 1875.1 1876.5 1877.1 1893.2 1897.0 1898.2 
1803.1 1813.2 1813.9 1816.1 1816.2 1819.7 1821.6 1822.2 1824.5 1828.0 1829.9 1830.4 1830.5 1830.8 1831.5 1835.3 1835.9 1840.8 1841.9 1842.5 1844.3 1846.1 1848.6 1850.9 1855.0 1857.8 1858.7 1859.8 1862.7 1864.4 1866.0 1868.4 1874.6 1878.4 1879.3 1885.9 1892.5 1895.2 1895.8 1897.3 1899.1 
1800.0 1802.1 1807.2 1808.2 1810.0 1814.7 1815.6 1817.7 1823.5 1830.7 1831.1 1831.8 1833.6 1834.8 1837.1 1837.2 1838.9 1844.3 1844.9 1847.4 1851.4 1852.8 1852.9 1855.3 1856.0 1856.3 1857.9 1861.7 1862.0 1862.1 1863.9 1864.2 1865.0 1867.4 1868.0 1871.9 1873.8 1875.2 1876.9 1879.2 1880.1 1886.0 1889.8 1893.6 1895.3 1896.4 1899.0 1899.3 
1800.6 1802.9 1804.4 1808.5 1808.8 1812.2 1812.9 1813.1 1816.2 1829.8 1832.6 1832.8 1836.0 1840.2 1841.8 1841.9 1842.1 1843.5 1851.5 1852.7 1857.2 1858.1 1861.4 1862.4 1863.4 1867.8 1868.1 1870.0 1874.1 1875.4 1875.6 1875.8 1883.2 1885.7 1887.0 1889.5 1892.1 1898.4 1899.2 1899.5 
1802.4 1802.6 1803.2 1803.5 1804.3 1805.9 1808.4 1808.9 1809.0 1809.9 1815.9 1816.3 1817.7 1819.1 1820.0 1825.4 1827.4 1827.6 1827.7 1832.9 1834.7 1838.8 1841.8 1844.6 1845.8 1847.4 1847.9 1849.1 1852.1 1852.3 1855.0 1855.6 1855.8 1856.6 1858.4 1860.7 1861.7 1862.8 1864.4 1866.5 1868.3 1869.3 1869.5 1869.7 1870.8 1871.0 1874.4 1876.2 1876.8 1879.9 1880.0 1880.2 1883.0 1886.6 1889.3 1889.4 1890.7 1890.9 1894.8 1896.4 
1801.9 1802.4 1803.3 1804.0 1808.5 1809.5 1810.0 1811.6 1814.8 1818.9 1819.7 1822.9 1825.7 1827.9 1829.0 1829.2 1830.5 1834.7 1835.1 1836.6 1838.0 1838.9 1842.1 1843.2 1843.5 1851.3 1851.7 1852.2 1852.3 1855.2 1855.5 1857.0 1857.3 1860.8 1861.0 1861.9 1862.5 1866.8 1868.4 1868.9 1872.5 1874.4 1874.6 1874.8 1874.9 1875.2 1876.8 1881.0 1883.4 1884.8 1887.8 1893.8 
1800.4 1801.5 1801.9 1805.1 1805.2 1807.8 1809.0 1813.7 1819.7 1822.0 1823.4 1824.5 1825.0 1825.6 1826.8 1827.9 1829.8 1829.9 1830.1 1831.2 1834.3 1835.1 1835.7 1836.1 1840.4 1841.9 1842.6 1847.4 1850.8 1852.3 1852.9 1855.5 1856.1 1856.3 1856.5 1858.2 1861.1 1863.2 1867.8 1872.7 1874.0 1874.3 1879.4 1880.4 1881.2 1881.9 1882.9 1887.6 1888.4 1895.6 1896.5 1897.1 1897.3 1897.5 1897.8 1898.2 1899.2 1899.7 
1802.6 1802.9 1803.4 1805.0 1805.7 1809.5 1809.8 1810.3 1812.7 1815.8 1818.1 1822.3 1824.6 1827.1 1827.5 1829.1 1830.4 1831.2 1831.5 1833.2 1839.2 1844.2 1845.4 1846.6 1850.1 1850.6 1856.8 1857.3 1859.2 1859.7 1862.1 1864.4 1867.2 1869.8 1871.0 1876.8 1879.0 1881.0 1881.8 1885.7 1886.5 1889.8 1889.9 1891.1 1894.6 1895.9 1897.3 1898.2 1899.1 
1803.3 1805.7 1805.8 1806.2 1806.5 1806.8 1806.9 1808.9 1809.9 1813.9 1816.0 1816.9 1818.0 1819.9 1823.9 1825.3 1827.7 1828.2 1833.6 1835.4 1837.7 1838.4 1838.9 1840.9 1842.4 1842.7 1851.6 1857.0 1860.6 1863.4 1863.6 1864.6 1865.8 1865.9 1867.5 1869.1 1878.5 1879.0 1882.5 1882.6 1883.4 1883.6 1886.8 1889.8 1892.0 1893.8 1894.5 1895.3 1896.1 1897.7 1898.5 
1801.2 1802.6 1804.1 1805.4 1805.5 1807.5 1808.6 1810.0 1812.0 1812.8 1813.1 1825.2 1829.3 1829.4 1832.3 1832.4 1833.1 1845.4 1845.8 1846.9 1847.5 1849.6 1850.1 1850.3 1850.4 1851.4 1852.1 1852.5 1858.2 1858.4 1859.0 1859.7 1862.0 1863.3 1865.2 1866.6 1867.0 1869.1 1873.4 1874.1 1875.4 1876.0 1876.8 1877.9 1879.9 1888.7 1889.4 1889.5 1893.3 1894.5 1898.2 1898.9 1899.4 
1803.9 1816.3 1817.8 1821.8 1822.4 1831.8 1840.1 1846.1 1846.6 1846.8 1848.1 1856.3 1861.6 1863.3 1878.9 1879.8 1881.1 1894.6 1899.0 
1800.0 1873.4 1883.7 1888.0 1892.7 















1815.5 1816.0 1816.5 1819.0 1838.1 1845.9 1846.8 1854.0 1857.2 1857.4 1867.1 1875.5 1879.1 1893.3 1896.4 
1800.2 1809.9 1810.9 1814.7 1818.9 1819.1 1824.3 1839.5 1844.3 1847.6 1851.1 1852.7 1857.3 1859.2 1864.3 1868.8 1877.9 1879.9 1885.1 1889.7 1890.6 1891.5 1895.1 1896.4 
1801.1 1801.2 1802.3 1804.5 1805.2 1805.8 1806.8 1808.6 1814.9 1816.5 1829.7 1832.0 1834.0 1834.1 1835.6 1837.2 1839.0 1839.5 1841.5 1844.2 1849.2 1854.1 1859.6 1867.1 1870.0 1872.4 1872.8 1872.9 1877.2 1885.2 1889.6 1890.7 1893.5 1895.8 1897.4 1899.3 
1802.0 1802.6 1805.3 1809.9 1811.2 1814.6 1815.9 1816.0 1816.5 1816.6 1819.7 1819.8 1827.3 1828.0 1828.8 1829.6 1830.5 1835.9 1836.8 1840.3 1844.3 1844.5 1845.3 1845.5 1848.7 1849.0 1849.1 1851.2 1851.9 1853.5 1853.6 1855.3 1856.2 1857.3 1858.8 1863.7 1864.1 1868.5 1868.9 1869.2 1869.4 1869.7 1870.2 1870.6 1872.2 1878.7 1880.4 1881.1 1884.5 1884.7 1885.2 1886.2 1889.8 1891.7 1894.2 1896.5 1899.6 
1804.4 1810.7 1811.3 1817.0 1819.9 1820.6 1820.9 1822.6 1824.3 1828.7 1829.3 1830.7 1837.8 1838.6 1839.9 1842.4 1847.1 1847.5 1852.3 1853.9 1854.0 1854.1 1856.1 1859.4 1861.5 1861.6 1865.7 1876.5 1880.2 1885.4 1885.7 1887.2 1887.6 1891.2 1891.5 1894.0 1894.8 1895.3 1897.5 1899.2 1899.5 
1800.6 1802.6 1802.9 1803.8 1807.9 1811.2 1811.4 1814.9 1816.0 1818.4 1820.0 1820.5 1824.5 1824.7 1825.0 1826.6 1830.5 1831.4 1831.6 1831.7 1832.1 1833.1 1841.0 1841.8 1844.4 1846.3 1847.0 1847.4 1847.7 1848.5 1851.3 1851.7 1854.4 1860.3 1862.3 1864.1 1864.2 1870.7 1871.4 1872.4 1874.3 1874.6 1875.5 1886.0 1887.0 1887.3 1892.7 1894.8 1897.3 1899.1 1899.8 
1801.4 1802.3 1805.8 1818.8 1819.3 1819.6 1821.2 1822.6 1823.1 1823.3 1823.5 1823.9 1827.0 1831.0 1837.7 1840.2 1840.4 1841.6 1843.4 1846.8 1851.0 1851.1 1852.2 1852.7 1852.9 1853.3 1854.3 1856.7 1857.0 1858.6 1858.8 1859.2 1862.7 1863.1 1865.2 1870.4 1870.7 1871.5 1872.2 1872.4 1874.6 1876.9 1878.0 1880.7 1881.2 1881.3 1884.1 1884.9 1890.7 1893.2 1893.7 1895.2 1899.9 
1805.6 1807.5 1810.2 1811.4 1812.7 1813.4 1815.4 1815.6 1816.5 1818.2 1820.2 1823.3 1823.5 1825.1 1829.3 1831.7 1832.4 1837.1 1837.7 1840.0 1840.4 1840.9 1841.1 1842.3 1846.8 1848.5 1852.4 1853.3 1855.7 1856.3 1857.5 1863.0 1863.4 1864.9 1865.6 1866.7 1867.4 1867.7 1873.9 1876.0 1876.3 1878.7 1878.8 1880.0 1883.2 1886.7 1888.1 1888.5 1889.5 1891.2 1891.4 1894.4 1898.7 1899.2 
1800.4 1801.6 1801.9 1802.5 1807.0 1810.0 1813.7 1814.2 1814.8 1816.3 1816.5 1817.0 1817.4 1817.6 1818.8 1820.0 1820.4 1821.6 1822.9 1824.2 1824.6 1834.0 1836.6 1836.8 1838.8 1839.0 1839.5 1844.3 1846.1 1851.0 1852.2 1854.1 1855.5 1860.6 1863.2 1864.1 1866.3 1866.8 1869.9 1870.0 1870.4 1872.4 1874.5 1874.8 1876.0 1879.2 1882.4 1890.9 1891.6 1892.9 1899.0 1899.3 1899.7 
1801.5 1803.7 1805.7 1806.2 1808.0 1809.0 1812.2 1821.2 1821.6 1823.3 1824.8 1830.1 1831.3 1831.4 1831.9 1833.8 1835.1 1835.9 1837.4 1844.8 1846.0 1848.5 1849.9 1855.9 1857.6 1860.9 1861.0 1862.2 1866.3 1870.8 1876.3 1877.7 1878.8 1880.9 1881.6 1882.7 1884.2 1884.5 1885.5 1887.7 1888.5 1890.1 1893.1 1894.1 1896.0 1898.8 
1802.0 1802.4 1802.6 1807.1 1811.7 1812.0 1814.9 1818.6 1819.6 1822.0 1823.4 1824.5 1825.0 1825.6 1825.8 1826.0 1829.6 1834.0 1834.6 1835.0 1838.1 1838.9 1840.3 1840.8 1841.3 1843.0 1845.1 1853.1 1853.5 1855.2 1855.8 1856.0 1857.6 1858.4 1864.8 1865.0 1865.9 1867.4 1869.8 1870.5 1870.9 1872.5 1874.5 1876.2 1879.4 1880.8 1880.9 1884.0 1886.6 1895.7 
1804.5 1806.1 1807.9 1812.0 1814.2 1815.7 1819.6 1823.0 1823.9 1828.4 1831.2 1831.6 1832.0 1836.1 1837.0 1837.6 1838.2 1844.7 1848.1 1848.2 1851.1 1851.2 1851.6 1852.9 1853.6 1855.0 1855.5 1863.7 1867.1 1868.5 1870.1 1870.7 1877.4 1877.8 1878.2 1878.4 1881.3 1885.4 1887.9 1888.9 1890.8 1894.2 1895.0 1895.9 1897.0 
1800.9 1803.5 1805.5 1809.4 1810.4 1811.4 1812.7 1816.9 1828.5 1830.6 1832.7 1833.8 1837.1 1842.6 1844.9 1847.4 1848.2 1848.3 1849.9 1850.9 1851.8 1853.4 1858.3 1858.4 1859.5 1873.4 1876.9 1879.2 1880.0 1881.0 1885.8 1895.1 1895.8 1895.9 
1802.4 1804.2 1807.1 1859.6 1865.8 1870.5 1894.2 1899.9 
















1877.6 
1821.0 1833.3 
1807.7 1808.2 1823.7 1868.4 1873.7 
1805.4 1805.6 1825.9 1826.1 1826.2 1838.6 1862.8 1864.4 1870.4 1875.7 1888.4 1896.9 
1807.6 1829.7 1829.9 1835.3 1837.3 1855.7 
1805.8 1858.4 1861.6 1861.7 1864.0 1868.4 1889.5 
1822.4 1843.4 1878.7 
1803.7 1804.7 1805.8 1812.6 1813.2 1818.4 1820.7 1821.1 1823.1 1823.7 1826.4 1826.7 1830.9 1832.5 1832.9 1836.6 1836.9 1837.3 1837.4 1839.3 1840.9 1841.5 1842.1 1850.7 1854.3 1855.3 1857.0 1858.7 1869.4 1872.1 1874.6 1875.0 1876.6 1878.8 1880.3 1880.9 1881.2 1885.8 1887.0 1894.0 1895.2 1897.9 
1800.9 1807.2 1807.9 1808.9 1810.3 1812.3 1812.4 1814.9 1816.8 1817.7 1822.2 1822.5 1824.8 1827.5 1829.0 1831.7 1831.8 1836.3 1839.5 1840.0 1841.1 1848.0 1849.1 1849.8 1856.5 1856.9 1857.4 1857.7 1857.8 1859.4 1862.8 1863.5 1864.1 1864.4 1866.2 1870.3 1870.7 1871.8 1872.8 1876.4 1877.4 1877.7 1878.7 1881.8 1886.9 1887.4 1889.8 1890.2 1891.2 1894.3 1898.5 1899.9 
1801.2 1801.4 1802.4 1802.6 1806.3 1809.4 1810.8 1811.3 1814.3 1815.0 1818.1 1822.0 1827.4 1828.3 1831.1 1831.3 1831.5 1832.8 1836.5 1836.7 1837.7 1838.6 1841.5 1843.2 1844.2 1847.3 1852.1 1852.5 1854.1 1854.3 1858.9 1861.0 1864.0 1864.4 1867.3 1868.6 1868.8 1869.8 1870.7 1874.7 1875.6 1875.8 1876.5 1878.5 1881.9 1887.5 1890.4 1893.8 1897.9 1898.5 
1800.9 1804.1 1812.3 1814.8 1816.3 1818.7 1819.4 1819.6 1824.2 1828.1 1829.7 1830.0 1833.1 1834.2 1834.3 1836.6 1838.1 1838.8 1840.0 1840.1 1841.5 1842.1 1851.4 1854.5 1855.2 1857.7 1858.2 1858.8 1867.8 1868.5 1868.9 1869.0 1872.5 1879.5 1881.8 1883.3 1885.6 1889.0 1889.3 1889.6 1891.6 1892.7 1894.5 1895.6 1899.3 1899.5 1899.6 
1803.1 1803.5 1805.7 1806.2 1807.0 1810.0 1816.8 1816.9 1824.4 1829.7 1832.5 1834.0 1836.8 1838.6 1839.9 1841.4 1841.8 1842.2 1843.3 1846.6 1852.2 1854.3 1863.8 1866.6 1868.5 1881.2 1887.0 1887.5 1888.8 1890.7 1896.5 1896.7 1899.6 
1822.6 1826.7 1827.1 1846.3 1857.1 1864.7 1877.0 1890.9 1892.7 













1800.5 1877.2 1894.5 
1817.6 1826.3 1826.5 1831.4 1842.8 1844.8 1847.7 1852.4 1854.8 1862.9 1866.4 1868.3 1869.5 1885.3 1885.9 1892.3 1899.0 








1831.2 1845.7 1848.7 1849.3 1856.4 1857.2 1876.9 
1802.7 1802.9 1810.7 1822.7 1824.2 1833.0 1836.1 1836.8 1837.1 1838.6 1844.1 1848.4 1849.5 1856.6 1867.2 1869.1 1869.9 1871.2 1872.8 1873.2 1874.4 1879.4 1884.6 1886.6 1888.6 1889.1 1889.4 1889.5 1890.1 1896.1 1899.1 
1800.3 1800.4 1802.9 1805.5 1805.8 1805.9 1806.6 1808.7 1811.9 1816.5 1817.9 1822.4 1822.8 1823.0 1825.1 1826.3 1826.4 1828.1 1828.4 1828.5 1828.9 1829.9 1830.7 1831.1 1831.3 1832.2 1835.9 1837.0 1841.2 1844.4 1844.9 1845.6 1848.8 1851.5 1854.1 1855.5 1856.6 1857.8 1859.8 1862.8 1864.8 1868.8 1869.8 1873.0 1873.6 1875.0 1876.6 1877.2 1880.0 1880.2 1880.5 1882.8 1884.1 1884.3 1888.0 1894.3 1896.2 1899.1 
1804.8 1809.7 1811.2 1813.5 1817.1 1817.9 1820.5 1822.2 1823.8 1824.7 1830.9 1833.4 1835.2 1839.8 1842.9 1843.2 1845.8 1846.6 1847.3 1849.6 1852.3 1856.8 1857.7 1859.4 1860.1 1861.2 1865.7 1866.9 1867.6 1869.3 1871.4 1873.2 1874.5 1879.2 1882.1 1883.3 1884.3 1887.1 1889.0 1892.7 1892.8 1893.4 1899.2 
1804.5 1810.5 1812.4 1817.5 1818.7 1826.0 1831.9 1832.9 1838.2 1841.8 1842.4 1842.5 1844.1 1845.5 1848.6 1851.4 1852.3 1856.5 1857.2 1860.8 1863.7 1865.7 1868.6 1874.1 1875.2 1876.1 1879.1 1879.8 1880.0 1881.8 1882.7 1885.3 1893.2 1895.2 1896.1 1896.7 












1814.2 1826.4 1838.2 1846.0 1854.1 1871.3 1872.7 1873.5 1877.3 1885.8 1887.6 1891.8 
1803.7 1806.2 1808.7 1813.7 1814.4 1816.6 1820.3 1821.3 1821.5 1823.2 1824.5 1824.9 1827.0 1829.1 1829.8 1832.6 1832.8 1833.7 1838.7 1839.0 1840.7 1841.2 1844.7 1845.8 1846.8 1849.0 1854.5 1856.3 1857.9 1858.4 1863.6 1864.9 1865.3 1865.8 1867.9 1868.2 1869.0 1872.5 1873.1 1873.4 1876.3 1876.4 1877.3 1877.7 1882.5 1891.8 1898.3 
1803.5 1804.1 1805.5 1806.3 1808.0 1810.9 1811.3 1813.3 1816.4 1817.6 1821.1 1823.7 1829.4 1833.0 1833.1 1834.9 1835.5 1838.8 1839.8 1840.8 1844.0 1845.2 1850.6 1852.4 1853.5 1853.7 1856.3 1857.1 1858.3 1858.6 1860.6 1862.2 1864.0 1865.8 1866.8 1869.8 1875.0 1875.3 1875.7 1878.8 1880.6 1881.4 1881.6 1882.6 1883.1 1883.4 1883.6 1884.1 1886.3 1890.0 1892.6 1896.0 1898.2 
1808.3 1808.5 1810.6 1810.8 1811.6 1815.1 1817.7 1835.0 1836.5 1837.8 1852.1 1852.8 1867.0 1873.7 1881.3 1891.0 








1842.0 1853.7 
1810.1 1810.4 1813.5 1813.7 1814.5 1814.6 1817.6 1819.1 1820.3 1820.5 1822.3 1822.6 1831.7 1832.2 1834.3 1835.2 1835.5 1835.8 1842.2 1844.4 1845.4 1856.0 1861.1 1862.3 1865.9 1867.4 1871.4 1872.5 1873.6 1879.2 1881.8 1885.0 1886.6 1888.1 1889.1 1889.6 1890.1 1894.0 1894.8 1898.8 
1801.8 1804.0 1804.7 1805.4 1806.9 1807.4 1809.8 1811.4 1813.5 1815.6 1818.0 1819.2 1823.0 1825.3 1825.4 1827.8 1831.5 1832.5 1838.4 1839.4 1843.4 1844.9 1845.2 1846.4 1846.5 1848.0 1852.0 1854.3 1854.6 1856.1 1861.6 1861.7 1861.9 1869.3 1871.0 1874.4 1877.7 1877.9 1879.2 1879.8 1881.6 1884.7 1885.5 1887.4 1887.7 1890.2 1890.9 1896.2 
1800.0 1801.1 1805.4 1805.5 1810.4 1817.7 1819.6 1820.9 1823.2 1826.0 1831.8 1836.4 1839.3 1840.6 1842.4 1847.4 1847.6 1852.3 1853.2 1861.8 1863.3 1863.4 1863.5 1864.1 1864.4 1866.7 1870.4 1872.1 1873.0 1873.8 1875.4 1875.6 1889.1 1889.9 1897.6 
1802.2 1804.0 1812.6 1829.0 1843.4 1854.3 1855.9 1866.7 1867.1 1870.5 1890.7 1897.0 1897.6 











1818.0 1846.3 1856.2 1868.5 1886.2 1886.6 1887.6 1888.7 1888.9 1891.0 1892.7 1896.8 
1800.2 1800.6 1801.5 1803.3 1803.4 1805.6 1807.9 1809.1 1810.2 1813.8 1814.6 1814.8 1815.1 1820.4 1824.0 1825.8 1826.3 1830.4 1832.3 1833.3 1835.5 1836.3 1848.1 1852.3 1852.5 1853.1 1854.5 1855.5 1857.0 1859.0 1860.2 1862.8 1865.2 1870.5 1874.6 1876.7 1879.5 1888.1 1888.4 1888.6 1889.6 1890.6 1891.7 1895.4 1895.5 1896.7 1898.5 1899.2 
1802.3 1803.2 1807.4 1810.5 1811.3 1814.6 1817.3 1817.5 1818.0 1819.2 1820.0 1820.5 1823.5 1827.6 1827.9 1830.0 1830.4 1831.5 1833.6 1835.1 1837.3 1837.5 1839.6 1839.8 1841.5 1841.6 1842.2 1842.6 1844.6 1848.3 1848.9 1849.4 1853.0 1855.3 1856.7 1859.2 1869.0 1875.0 1876.8 1877.3 1877.9 1879.3 1880.2 1880.9 1883.2 1884.2 1887.5 1892.2 1892.9 1897.9 1898.5 
1800.3 1802.0 1804.7 1807.4 1809.1 1811.3 1812.5 1812.8 1819.0 1823.0 1826.1 1827.3 1835.5 1840.5 1844.9 1846.2 1846.7 1847.7 1848.1 1849.3 1849.9 1850.0 1851.8 1852.6 1853.0 1854.2 1860.3 1862.3 1865.6 1869.0 1871.5 1872.3 1875.0 1877.4 1882.4 1887.1 1887.8 1890.5 1894.5 1894.7 1896.5 
1803.5 1805.6 1818.9 1822.6 1835.4 1842.6 1851.8 1863.6 1889.3 1891.0 1895.0 








1804.8 1826.4 1833.9 1843.0 1851.6 1851.8 1853.9 1855.8 1868.6 1873.4 1876.2 1880.7 1895.4 
1804.4 1806.1 1807.7 1809.9 1810.1 1813.3 1813.4 1813.6 1814.6 1816.7 1820.3 1821.3 1826.2 1827.3 1827.8 1828.9 1831.1 1832.5 1833.2 1839.4 1840.3 1842.7 1842.9 1843.0 1843.3 1843.7 1844.2 1844.5 1844.9 1846.0 1846.3 1852.0 1854.9 1855.0 1855.9 1861.3 1861.9 1863.2 1864.8 1867.2 1873.2 1876.0 1879.1 1884.9 1889.8 1891.2 1892.6 1892.7 1895.8 1896.1 1897.6 1898.3 1899.9 
1801.7 1801.9 1804.1 1805.0 1808.8 1809.4 1811.5 1814.3 1817.9 1818.7 1820.8 1822.1 1825.0 1825.6 1828.6 1829.6 1830.0 1831.5 1831.8 1833.1 1834.0 1837.3 1838.0 1838.8 1839.6 1840.3 1842.5 1843.7 1844.0 1847.1 1847.7 1852.3 1853.8 1855.8 1860.1 1864.1 1864.4 1866.6 1869.4 1870.5 1871.0 1877.6 1877.8 1879.3 1879.5 1879.6 1879.8 1880.3 1882.9 1888.7 1889.2 1893.7 1895.1 1895.7 1899.1 
1805.8 1808.8 1812.8 1815.2 1816.2 1822.5 1826.1 1827.0 1839.6 1841.0 1847.3 1848.1 1849.5 1849.6 1856.4 1859.5 1865.1 1873.1 1873.8 1875.2 1878.1 1883.7 1885.1 1887.2 1888.8 1890.4 1891.3 1891.6 












1803.0 1808.3 1815.4 1817.6 1821.9 1831.8 1833.4 1844.8 1859.0 1865.2 1866.9 1867.8 1870.8 1872.0 1875.1 1879.1 1883.1 1887.7 1889.7 1890.7 1892.7 1899.9 
1804.0 1805.9 1807.2 1807.9 1808.9 1810.9 1813.8 1814.1 1814.5 1822.5 1828.3 1832.6 1833.5 1834.1 1835.5 1840.9 1841.2 1846.6 1847.8 1849.3 1850.4 1851.2 1851.8 1852.0 1856.6 1856.9 1857.4 1857.7 1859.5 1860.5 1861.5 1863.5 1868.1 1869.0 1869.1 1871.7 1881.2 1881.5 1882.1 1888.2 1891.2 1894.6 1895.3 1895.9 
1801.5 1802.8 1805.5 1805.9 1808.5 1808.6 1809.6 1812.4 1816.5 1819.1 1819.3 1824.5 1826.4 1830.4 1830.6 1832.1 1837.0 1837.7 1838.3 1841.8 1843.1 1843.7 1845.2 1846.6 1849.6 1854.3 1859.6 1864.9 1865.4 1865.6 1866.0 1867.9 1868.1 1868.6 1871.1 1873.8 1874.1 1874.6 1877.9 1879.1 1880.1 1882.7 1884.4 1887.2 1889.4 1890.0 1893.2 1894.1 1894.6 1898.9 
1806.3 1827.7 1839.5 1842.2 1847.9 1857.0 1862.6 1868.2 1870.7 1890.8 1899.9 








1801.5 1803.9 1807.5 1810.2 1810.4 1812.0 1812.2 1834.9 1835.6 1846.1 1846.8 1847.7 1866.7 1868.9 1870.9 1871.2 1877.0 1891.7 
1801.8 1803.3 1803.8 1804.2 1806.2 1807.1 1810.1 1811.6 1811.8 1811.9 1814.4 1814.8 1815.6 1818.2 1818.7 1824.6 1825.0 1826.2 1827.3 1831.2 1831.4 1833.5 1834.0 1834.2 1835.5 1837.9 1838.4 1842.4 1844.1 1848.0 1849.4 1853.0 1853.2 1853.5 1854.7 1855.2 1856.4 1867.1 1869.6 1871.8 1877.5 1878.3 1882.5 1890.3 1890.9 1891.9 1896.1 1897.1 1897.5 1898.4 
1800.7 1802.1 1802.3 1805.7 1805.9 1807.3 1808.1 1811.1 1812.0 1812.4 1812.5 1812.8 1816.7 1819.0 1819.2 1823.0 1827.1 1829.1 1830.0 1830.5 1832.8 1835.4 1838.4 1839.6 1840.0 1840.1 1841.1 1843.5 1844.5 1844.7 1845.8 1848.5 1849.1 1849.5 1852.7 1853.8 1854.8 1855.9 1856.6 1857.5 1858.9 1863.9 1865.5 1870.9 1871.3 1872.6 1875.4 1877.4 1879.2 1882.0 1883.7 1887.8 1888.2 1892.3 1895.3 1896.4 
1802.3 1803.2 1803.8 1806.8 1808.1 1811.3 1822.8 1823.6 1824.9 1833.0 1838.6 1844.5 1850.0 1850.9 1855.8 1858.3 1858.4 1859.7 1861.7 1862.1 1865.4 1884.9 1890.2 1893.2 1894.0 1898.4 1898.9 1899.7 












1820.1 1824.9 1830.0 1895.1 
1803.1 1808.9 1811.6 1813.2 1817.7 1818.3 1818.4 1818.8 1819.9 1822.4 1825.3 1828.7 1835.1 1835.7 1837.1 1838.4 1841.2 1851.8 1853.4 1854.2 1858.2 1858.7 1859.2 1863.5 1868.6 1869.7 1870.3 1871.2 1873.5 1873.6 1873.8 1876.2 1883.4 1884.3 1886.1 1889.0 1889.1 1890.3 1894.2 1895.2 
1803.7 1811.1 1812.1 1814.8 1817.0 1817.1 1819.1 1822.8 1823.9 1824.1 1824.4 1825.5 1826.3 1828.1 1829.5 1829.6 1829.7 1832.4 1845.0 1845.3 1849.4 1849.7 1850.1 1850.6 1851.3 1854.4 1856.1 1859.6 1862.2 1862.3 1863.2 1867.9 1868.9 1869.0 1870.0 1873.1 1873.8 1874.6 1876.3 1877.8 1878.6 1879.0 1881.4 1882.0 1887.1 1892.5 1893.6 1894.3 1894.5 1898.9 1899.5 
1804.6 1805.8 1806.7 1807.8 1809.4 1813.8 1815.1 1817.7 1828.7 1829.8 1830.5 1843.1 1847.1 1848.7 1854.4 1855.0 1856.0 1856.3 1858.8 1863.6 1863.9 1869.4 1870.1 1870.6 1874.4 1876.0 1878.0 1878.7 1879.5 1880.0 1883.1 1887.4 1889.7 1894.9 1896.8 1899.5 
1800.5 1800.7 1800.8 1802.6 1804.4 1809.3 1815.4 1822.0 1824.7 1830.8 1833.3 1835.4 1837.0 1841.1 1843.2 1853.8 1858.4 1870.3 1871.9 1875.6 1878.7 1879.3 1883.7 1885.5 1886.3 1888.1 1889.7 1889.8 1894.3 1894.5 1896.1 1896.7 
1808.8 1826.9 1868.1 




1804.2 1806.2 1814.5 1820.0 1826.9 1834.7 1835.8 1836.6 1839.5 1853.5 1870.7 1874.5 1878.6 1891.2 
1800.1 1801.4 1805.9 1808.6 1809.5 1810.2 1810.9 1811.4 1814.8 1816.4 1817.3 1817.4 1821.6 1822.6 1826.7 1826.9 1830.8 1834.0 1837.9 1839.0 1840.4 1841.0 1842.5 1847.7 1851.6 1853.1 1860.0 1860.4 1861.3 1864.2 1868.3 1872.4 1872.8 1875.6 1876.1 1879.5 1879.8 1882.0 1882.5 1886.1 1897.6 
1805.5 1806.7 1809.3 1811.1 1817.4 1818.8 1819.1 1819.7 1822.2 1824.3 1824.5 1828.6 1830.2 1830.7 1831.8 1833.2 1837.7 1839.2 1844.2 1845.5 1847.7 1850.1 1850.2 1852.3 1854.9 1855.4 1858.3 1869.8 1871.0 1871.4 1871.8 1874.5 1876.4 1878.7 1880.4 1881.3 1884.1 1889.1 1889.8 1891.6 1892.5 1892.8 1893.4 1897.5 1897.6 
1804.6 1806.0 1807.9 1810.5 1815.8 1819.0 1824.4 1824.7 1825.9 1826.5 1826.8 1834.5 1835.8 1836.2 1836.8 1837.9 1838.4 1838.5 1840.5 1843.3 1847.4 1850.0 1852.7 1855.3 1856.9 1857.0 1859.2 1859.6 1861.2 1864.9 1866.2 1867.1 1867.2 1870.2 1872.1 1872.5 1877.8 1878.2 1878.3 1879.4 1882.0 1887.1 1891.2 1893.5 1894.0 1897.9 
1800.7 1801.0 1805.6 1808.8 1809.7 1813.2 1817.5 1820.5 1821.2 1822.8 1825.7 1826.0 1827.1 1827.4 1828.5 1829.3 1829.8 1831.8 1832.0 1833.6 1835.1 1836.5 1836.8 1837.1 1837.5 1838.9 1839.5 1843.6 1846.5 1847.6 1848.3 1849.1 1849.5 1852.8 1854.4 1857.8 1857.9 1858.9 1863.0 1863.9 1866.1 1873.3 1873.4 1873.8 1877.4 1880.1 1882.5 1883.2 1884.1 1885.3 1889.1 1891.4 1893.2 1899.2 
1803.7 1804.1 1805.8 1808.8 1812.7 1814.2 1818.1 1821.3 1822.0 1824.3 1826.4 1834.5 1835.4 1839.2 1839.3 1849.6 1852.8 1857.7 1861.3 1862.1 1876.4 1878.2 1878.3 1884.1 1899.0 













1803.8 1806.5 1852.4 1877.1 1879.7 
1802.8 1803.0 1806.1 1807.9 1809.7 1811.2 1811.7 1814.3 1821.0 1822.2 1827.1 1829.9 1831.0 1834.7 1835.0 1837.6 1837.8 1838.4 1838.6 1838.8 1839.1 1840.0 1840.7 1841.2 1846.1 1846.5 1850.1 1853.1 1862.2 1862.4 1863.1 1869.4 1870.0 1871.6 1871.8 1871.9 1873.1 1873.5 1874.8 1877.2 1878.2 1878.7 1881.2 1883.6 1886.1 1886.3 1889.1 1889.8 1891.8 1895.5 1896.9 1899.2 
1800.0 1806.2 1807.7 1808.1 1809.1 1809.7 1810.3 1810.5 1811.2 1813.0 1816.1 1816.4 1825.9 1829.5 1830.7 1831.3 1831.7 1832.0 1834.8 1836.4 1837.1 1838.8 1839.4 1839.5 1839.8 1842.1 1843.4 1844.9 1855.0 1856.6 1858.1 1862.2 1862.6 1864.5 1864.7 1865.1 1869.9 1872.4 1873.7 1874.2 1874.4 1876.9 1877.5 1878.1 1883.4 1888.2 1888.6 1892.5 1895.1 1896.1 1896.8 1897.3 1898.9 
1800.3 1805.1 1806.2 1806.7 1807.7 1814.4 1814.6 1815.7 1816.8 1822.6 1824.2 1825.3 1826.1 1826.7 1828.6 1829.1 1829.8 1829.9 1830.2 1833.1 1834.2 1835.4 1836.4 1842.8 1843.3 1849.5 1849.6 1849.7 1851.2 1856.3 1857.7 1858.6 1859.4 1863.6 1864.9 1866.2 1873.8 1875.2 1876.2 1880.2 1888.4 1888.5 1891.9 1894.4 1898.7 1899.1 1899.2 
1800.1 1802.0 1804.8 1805.9 1807.8 1812.8 1813.8 1817.3 1821.9 1825.0 1825.6 1829.2 1830.6 1835.2 1835.6 1841.5 1842.0 1843.5 1844.0 1846.3 1847.2 1848.7 1852.2 1853.4 1853.9 1855.4 1856.5 1856.9 1858.2 1858.9 1863.0 1865.2 1869.1 1869.6 1870.4 1870.9 1883.0 1884.0 1888.3 1889.2 1895.9 1896.6 
1800.4 1800.6 1801.0 1801.6 1802.9 1807.1 1809.9 1810.4 1811.9 1812.7 1814.6 1818.3 1819.8 1821.4 1827.5 1830.1 1830.9 1836.1 1837.2 1842.0 1843.2 1844.4 1844.9 1848.1 1848.7 1850.1 1853.3 1853.5 1856.9 1860.4 1860.5 1862.9 1865.6 1866.7 1867.0 1867.9 1868.2 1870.3 1875.0 1875.6 1876.0 1877.2 1878.1 1878.3 1883.4 1884.1 1885.2 1886.0 1886.2 1886.8 1888.2 1888.7 1890.3 1894.5 1897.5 
1800.4 1803.9 1804.9 1809.3 1812.0 1815.4 1816.4 1817.9 1820.3 1821.0 1822.2 1823.0 1823.7 1825.0 1826.5 1830.5 1830.6 1831.1 1831.4 1832.5 1833.0 1834.2 1834.8 1837.7 1839.1 1839.4 1840.6 1840.9 1843.0 1844.7 1845.1 1845.4 1849.1 1852.6 1853.5 1855.2 1856.2 1860.3 1860.9 1861.2 1864.7 1866.1 1866.5 1868.3 1868.7 1869.8 1872.3 1872.7 1876.1 1877.3 1877.6 1879.3 1892.5 1895.8 
1800.8 1809.8 1812.8 1813.3 1817.7 1818.8 1821.2 1824.1 1825.0 1825.6 1827.7 1829.9 1831.1 1831.4 1831.8 1832.1 1833.5 1835.1 1835.2 1835.8 1836.6 1839.3 1839.8 1840.1 1848.3 1852.4 1855.6 1857.2 1859.1 1861.2 1861.3 1862.2 1862.9 1865.1 1865.4 1868.8 1868.9 1871.8 1872.1 1875.1 1879.6 1879.8 1881.1 1882.7 1883.1 1883.6 1888.7 1891.4 1898.9 
1801.3 1801.4 1803.1 1803.5 1804.6 1810.0 1810.5 1813.0 1814.9 1815.9 1816.4 1820.5 1824.3 1828.0 1829.2 1830.4 1832.1 1836.6 1838.9 1839.6 1840.0 1840.3 1842.2 1842.7 1850.6 1852.0 1854.4 1859.5 1860.2 1860.9 1862.2 1862.5 1867.3 1869.3 1870.1 1870.8 1871.9 1872.2 1874.2 1874.3 1879.0 1880.3 1881.0 1881.4 1882.0 1882.3 1886.8 1893.1 1893.7 1894.0 1894.6 1896.4 1896.9 1899.1 
1801.5 1802.4 1805.0 1807.0 1808.0 1809.8 1810.6 1810.8 1812.8 1813.5 1814.9 1815.0 1815.3 1819.5 1821.6 1825.9 1826.9 1832.6 1837.6 1841.0 1842.7 1853.5 1854.0 1854.5 1860.2 1864.4 1871.9 1875.6 1876.6 1878.2 1880.2 1880.4 1881.6 1882.4 1884.3 1886.9 1887.3 1887.5 1890.8 1896.9 1898.1 
1801.7 1803.8 1804.3 1806.3 1807.6 1809.7 1814.7 1821.3 1822.9 1823.9 1830.3 1833.6 1836.4 1838.8 1849.5 1852.4 1852.9 1854.2 1855.7 1859.2 1861.3 1864.0 1864.4 1864.8 1866.8 1867.0 1868.1 1872.4 1872.7 1873.9 1886.4 1886.7 1888.6 1889.2 1890.7 1892.4 1894.5 1895.7 1898.5 
1805.0 1805.8 1807.5 1807.7 1808.4 1809.2 1810.0 1810.2 1810.5 1811.8 1812.9 1814.2 1814.8 1819.3 1819.8 1820.0 1821.7 1827.0 1827.4 1828.5 1835.2 1836.6 1837.0 1837.3 1837.5 1838.5 1838.8 1838.9 1842.5 1843.0 1844.7 1847.1 1849.6 1850.5 1853.3 1856.1 1857.3 1862.8 1863.0 1867.7 1868.3 1872.5 1874.0 1876.2 1877.2 1880.8 1882.1 1883.1 1888.7 1890.9 1891.2 1892.0 1892.4 1896.6 1896.8 1899.7 
1805.2 1806.4 1808.7 1809.9 1810.3 1814.5 1814.7 1816.2 1817.6 1819.9 1822.4 1825.5 1827.3 1830.2 1831.6 1833.0 1835.0 1835.7 1835.8 1838.9 1842.0 1844.5 1844.8 1846.0 1850.7 1853.7 1855.2 1855.8 1857.3 1865.2 1867.8 1869.8 1870.4 1873.4 1875.1 1876.5 1877.3 1877.5 1878.2 1880.2 1881.8 1884.1 1884.5 1889.9 1891.7 1895.4 1896.9 1897.3 1897.8 1898.7 
1806.9 1807.1 1807.8 1811.8 1812.2 1812.9 1814.9 1821.2 1823.3 1828.4 1828.8 1829.0 1831.7 1835.1 1837.7 1842.2 1845.0 1848.2 1854.9 1856.1 1859.7 1860.8 1863.5 1870.2 1872.0 1874.9 1879.1 1885.4 1885.7 1886.4 1899.2 
1817.0 1817.8 1837.6 1850.4 1854.0 















1808.1 1812.0 1820.9 1830.7 1834.0 1836.3 1840.3 1845.6 1849.7 1849.9 1851.4 1858.8 1863.7 1880.8 1886.1 1887.7 
1816.7 1818.8 1820.8 1823.2 1824.3 1825.0 1827.1 1833.4 1837.5 1843.8 1845.5 1845.6 1847.2 1849.1 1851.3 1852.4 1863.1 1864.6 1865.6 1869.6 1873.1 1874.4 1876.0 1879.8 1881.6 1883.3 1883.9 1886.7 1899.5 
1805.5 1806.1 1807.4 1808.5 1808.7 1816.3 1816.4 1816.5 1817.6 1818.4 1822.7 1823.8 1823.9 1831.2 1833.5 1833.7 1837.7 1840.2 1840.9 1841.8 1845.7 1853.1 1854.2 1855.3 1855.9 1856.7 1856.9 1858.7 1858.8 1859.8 1862.7 1866.8 1869.8 1876.9 1878.3 1881.9 1884.7 1885.4 1885.5 1885.9 1886.1 1892.9 1893.4 1895.0 1897.6 
1800.8 1801.4 1802.9 1804.0 1804.3 1804.7 1807.8 1810.3 1810.8 1812.2 1814.3 1816.7 1817.5 1818.4 1824.0 1824.2 1827.6 1832.8 1832.9 1833.4 1834.6 1835.6 1838.0 1841.5 1841.8 1842.5 1843.8 1845.0 1845.1 1846.1 1851.4 1851.6 1853.4 1853.6 1853.8 1856.7 1860.9 1865.7 1865.9 1867.2 1867.3 1868.3 1868.4 1872.1 1872.4 1874.9 1876.8 1885.2 1886.4 1886.6 1887.9 1888.0 1888.3 1888.5 1893.9 1894.8 1895.1 1896.5 
1801.0 1802.1 1803.2 1805.4 1810.6 1812.1 1817.9 1821.1 1821.3 1821.9 1824.1 1829.7 1836.4 1836.7 1836.8 1837.8 1842.1 1842.6 1843.2 1845.9 1852.9 1855.2 1855.8 1856.3 1857.5 1859.5 1860.8 1861.3 1861.6 1864.2 1865.4 1868.6 1870.0 1871.6 1871.7 1874.7 1876.3 1878.4 1879.9 1882.5 1883.9 1889.4 1889.7 1895.5 1898.0 
1801.4 1803.0 1804.0 1809.1 1811.2 1811.4 1814.2 1817.2 1819.9 1822.5 1829.9 1830.4 1833.3 1833.8 1834.1 1837.6 1838.7 1841.0 1841.7 1846.9 1849.1 1851.7 1852.7 1853.9 1854.8 1856.2 1856.6 1858.7 1861.7 1862.0 1862.6 1863.3 1864.7 1865.8 1871.1 1871.4 1874.8 1875.3 1877.0 1879.1 1879.3 1879.6 1890.2 1891.0 1894.2 1898.6 1898.7 
1800.2 1804.5 1812.9 1814.4 1820.4 1820.9 1826.7 1830.4 1832.2 1834.1 1835.2 1836.5 1837.1 1838.4 1839.5 1842.8 1845.8 1846.3 1846.4 1847.3 1849.1 1850.4 1856.9 1858.1 1859.1 1859.8 1861.5 1865.1 1865.7 1866.7 1874.1 1879.9 1881.7 1882.1 1882.6 1885.5 1886.9 1888.4 1896.3 1896.9 
1800.3 1800.8 1804.7 1812.0 1812.8 1816.4 1817.3 1818.0 1818.1 1818.8 1829.1 1834.1 1835.2 1842.9 1845.8 1850.0 1851.2 1851.3 1851.5 1851.8 1852.0 1854.4 1865.7 1869.9 1871.2 1872.2 1874.9 1875.6 1877.7 1880.1 1881.0 1881.3 1884.4 1888.4 1889.3 1889.7 1890.4 1890.9 1892.1 1893.2 1893.8 1893.9 
1803.0 1805.0 1807.0 1810.5 1810.9 1812.7 1813.0 1814.1 1814.5 1814.6 1819.0 1827.7 1829.3 1830.6 1834.2 1837.9 1838.3 1842.3 1844.7 1845.9 1849.0 1851.0 1854.6 1859.4 1860.0 1865.3 1865.9 1866.1 1866.2 1868.2 1870.9 1871.0 1871.4 1875.2 1878.6 1879.0 1883.1 1889.0 1890.5 1893.9 1895.3 1896.0 1896.3 
1800.2 1808.9 1811.1 1815.7 1816.3 1816.4 1829.8 1834.1 1834.7 1836.7 1837.6 1838.2 1838.3 1838.5 1841.7 1844.4 1844.9 1851.3 1854.0 1854.8 1859.7 1863.6 1864.8 1867.1 1867.8 1870.7 1871.5 1873.8 1874.9 1878.7 1879.3 1881.1 1882.9 1883.8 1893.2 1893.7 1894.5 1897.9 
1807.9 1808.0 1808.5 1814.2 1814.6 1827.5 1831.0 1832.2 1832.5 1832.8 1836.3 1836.6 1838.1 1840.7 1845.8 1850.6 1852.1 1856.1 1865.4 1868.6 1868.7 1869.3 1873.7 1875.1 1877.0 1879.7 1893.8 1895.9 1899.6 
1821.1 1869.7 1881.5 


















1807.2 1842.6 1844.1 1859.8 1869.1 1878.1 1886.6 
1821.9 1822.6 1827.8 1831.2 1834.7 1845.4 1868.4 1877.5 1893.0 1895.8 
1801.8 1803.9 1818.0 1819.9 1825.6 1829.8 1832.3 1836.3 1837.5 1839.4 1841.1 1841.6 1842.3 1843.4 1845.7 1847.2 1852.4 1857.7 1859.6 1860.2 1864.6 1867.3 1870.7 1872.5 1874.7 1882.0 1887.2 1887.5 1888.4 1888.9 1889.3 1889.8 1890.8 
1805.7 1809.9 1810.2 1810.8 1812.3 1816.1 1819.7 1824.0 1840.0 1863.5 1867.4 1867.9 1879.5 1891.6 
1805.5 1806.6 1806.8 1807.3 1813.0 1815.7 1816.2 1817.4 1818.4 1827.9 1831.9 1835.1 1836.3 1837.4 1838.9 1841.1 1841.9 1846.1 1850.1 1863.8 1880.8 1892.3 1896.4 
1820.6 1827.4 1831.1 1832.9 1844.5 1855.7 1863.7 1868.2 1878.3 1878.4 1879.9 1880.0 1882.2 
1808.0 1835.0 1844.4 1845.2 1859.8 1872.7 
1802.9 1888.7 1897.5 






















































































































