784

















































































































































































































914.7 925.9 932.7 939.9 940.1 949.1 952.7 974.0 985.4 986.9 
901.2 905.9 909.3 914.3 933.8 935.8 949.9 959.3 964.1 971.4 975.5 995.7 
901.6 901.9 903.6 904.1 911.6 912.3 916.4 923.0 923.4 928.7 928.9 930.6 936.5 943.9 944.5 950.1 953.7 963.6 964.8 966.5 971.2 976.9 977.8 980.0 980.6 981.3 984.4 984.8 986.0 988.8 989.2 992.2 997.6 999.7 
902.7 904.0 904.3 911.0 913.3 914.5 916.7 917.0 918.2 919.9 920.1 922.2 922.9 924.8 924.9 925.8 926.8 926.9 930.1 937.1 943.1 945.9 949.0 949.9 951.4 952.2 955.4 956.4 960.2 960.7 962.6 966.1 966.7 967.4 971.6 972.1 972.9 973.2 978.3 979.9 985.4 986.3 987.0 987.5 990.4 999.0 
901.6 905.4 908.5 913.1 929.1 929.4 931.4 931.8 933.0 935.6 935.8 946.7 950.2 950.5 955.0 958.1 965.5 966.1 969.6 970.3 973.2 973.7 977.5 989.7 997.6 998.6 999.7 
902.9 907.8 908.0 910.2 911.3 917.6 918.2 936.5 946.8 947.4 952.7 960.9 964.2 972.2 972.3 977.5 983.0 997.2 998.1 
937.1 965.0 983.3 



















925.3 976.1 988.6 990.6 997.1 
900.1 900.3 900.6 905.4 909.0 909.1 911.2 916.2 922.8 924.6 927.6 928.1 931.8 937.7 944.5 946.2 946.4 947.4 948.8 956.1 957.2 962.0 964.9 965.4 965.7 967.9 969.6 971.4 972.5 987.1 987.5 989.8 990.6 991.5 992.0 992.8 993.3 995.5 998.7 
904.3 910.6 912.8 914.9 915.7 920.1 921.6 925.2 928.2 931.0 932.4 932.6 936.2 936.6 937.4 939.9 941.0 942.3 945.8 951.3 954.1 954.6 956.3 957.7 960.3 965.6 968.4 968.5 970.8 972.4 972.7 973.8 975.8 976.9 984.9 985.5 986.1 986.9 989.3 990.2 994.5 995.9 997.8 
905.7 907.4 907.6 913.2 913.7 916.6 917.3 919.3 919.6 921.4 922.2 924.0 934.1 934.7 935.7 943.3 944.5 947.1 948.0 948.1 948.3 949.7 951.1 952.1 954.5 954.7 955.6 956.1 956.2 957.8 958.7 961.5 962.1 962.9 963.5 963.9 964.2 968.8 969.4 971.2 974.3 976.4 979.3 979.5 979.8 980.5 981.6 983.6 986.3 988.3 990.9 999.1 
902.2 903.3 909.0 912.6 914.6 916.2 916.7 920.7 927.6 927.8 928.2 933.6 934.3 934.7 935.2 936.5 937.2 938.7 939.9 942.0 942.8 943.0 943.4 944.9 945.5 948.3 950.2 951.5 953.8 953.9 957.6 964.2 966.8 967.2 968.8 974.7 977.9 978.5 979.7 979.8 982.8 991.2 992.8 994.6 994.8 994.9 998.9 
903.3 906.7 907.1 910.1 910.7 911.3 912.4 919.3 922.4 924.9 926.0 926.3 931.5 934.2 936.0 936.5 938.8 939.3 941.3 942.5 944.7 949.0 952.5 953.4 953.8 956.2 956.9 958.3 963.2 963.8 964.1 964.6 965.3 965.8 966.7 969.8 969.9 971.1 971.4 971.8 973.6 974.1 980.8 981.4 984.2 985.8 987.0 988.9 989.8 992.1 993.1 994.0 997.5 
904.4 905.1 908.8 912.3 912.5 913.3 914.1 915.1 922.3 923.2 924.4 924.9 927.5 929.8 931.4 937.8 937.9 939.9 941.6 942.5 942.8 943.0 943.1 950.5 952.8 955.7 958.0 958.2 959.5 959.9 963.9 970.1 970.3 970.5 973.8 975.3 975.7 978.9 979.8 980.3 982.1 982.3 982.4 982.9 983.3 985.6 985.8 989.0 989.1 991.1 991.9 993.8 999.5 
901.8 904.4 906.5 907.3 910.0 915.4 916.4 916.6 917.5 919.1 920.1 921.8 923.7 927.4 928.2 930.2 932.0 935.1 936.7 940.9 946.6 947.0 947.2 949.1 953.4 954.4 955.8 960.2 962.1 962.2 966.4 974.7 977.5 977.9 980.4 984.2 984.3 985.8 987.7 988.9 989.5 989.7 991.6 992.0 992.3 994.9 995.3 997.0 997.2 997.8 998.1 
904.3 908.6 911.4 914.2 915.5 919.5 920.6 926.2 927.0 927.5 931.3 932.6 934.0 936.5 938.8 938.9 939.5 939.8 945.7 949.1 951.5 951.9 952.9 953.7 956.2 956.8 956.9 957.0 965.7 969.3 970.4 970.5 971.1 972.0 972.4 973.6 974.1 978.3 979.7 985.3 986.5 987.3 990.0 991.2 991.8 996.2 997.4 
902.1 902.3 902.4 907.2 909.6 915.1 919.5 924.3 925.4 928.4 929.4 930.3 935.9 938.2 939.2 939.7 941.5 942.2 945.4 947.8 956.5 958.6 962.3 963.0 964.7 966.1 970.1 975.8 979.0 979.1 981.6 982.4 985.6 993.0 993.2 998.1 998.2 
900.8 901.2 903.8 913.3 916.9 918.1 918.2 924.9 940.0 940.4 943.6 943.9 944.4 949.9 952.1 952.2 961.2 962.0 965.5 967.9 975.3 976.5 977.5 978.7 982.1 985.6 993.8 
955.7 978.1 














906.3 936.0 937.1 939.8 941.3 943.3 972.5 976.9 981.8 983.0 988.9 997.8 
900.1 900.9 902.2 902.9 904.2 907.8 908.9 911.7 918.7 919.2 921.0 921.6 922.5 923.8 925.6 928.7 932.5 933.7 934.4 941.5 946.0 947.8 957.1 959.0 962.4 964.4 966.2 966.4 966.5 967.0 973.4 974.8 985.5 989.7 992.7 
903.2 906.5 906.6 906.9 909.5 910.0 911.5 915.5 915.6 915.9 920.3 922.0 922.7 922.9 923.1 923.8 927.4 930.2 932.7 933.3 936.0 937.0 937.1 939.5 944.2 949.7 950.2 950.9 951.6 955.9 962.9 970.0 971.0 972.0 972.2 974.5 977.2 978.7 981.0 983.9 984.0 986.6 988.5 988.6 989.8 991.6 994.4 997.5 997.6 
904.4 906.6 907.6 907.9 908.6 910.2 910.3 912.7 913.3 913.4 913.5 914.3 915.7 918.4 921.4 922.3 923.3 924.7 924.8 925.5 925.7 926.0 927.1 927.4 933.4 936.6 936.8 939.8 945.2 949.3 951.0 954.5 955.1 957.6 958.9 963.1 963.8 964.3 972.7 976.3 976.5 978.6 978.8 980.2 980.6 983.3 987.4 989.7 990.5 991.9 992.9 995.4 996.5 998.3 
906.5 907.2 910.6 911.2 912.9 913.3 913.5 916.9 919.9 924.6 927.6 928.8 929.8 933.6 933.8 936.5 942.2 945.0 946.4 947.0 952.1 962.3 965.8 967.2 971.3 976.8 978.7 978.8 983.3 983.5 984.4 995.2 995.7 996.5 999.2 999.3 999.5 
908.8 911.6 911.8 912.2 919.5 922.3 924.1 926.4 934.8 937.7 939.6 942.5 943.1 943.2 944.4 946.5 952.3 952.8 955.1 957.2 958.2 958.3 959.2 960.7 964.4 965.7 975.3 978.3 979.0 981.2 981.5 983.8 991.5 991.6 993.1 997.6 998.5 
901.1 906.2 910.1 913.4 917.0 918.5 925.1 926.4 932.4 933.9 936.1 937.6 937.9 939.4 939.6 950.0 951.3 951.6 957.8 960.2 962.2 963.7 964.4 967.3 973.6 981.9 982.2 984.3 985.0 987.6 988.9 991.2 993.6 996.5 
901.0 904.8 906.6 906.7 917.3 920.2 921.3 928.2 928.7 932.8 940.1 947.7 951.9 958.4 976.0 980.2 981.7 988.2 988.6 990.0 
900.5 901.1 902.0 904.4 905.4 907.6 908.9 909.2 910.8 911.2 912.9 919.4 921.2 923.4 925.0 927.2 928.0 928.7 928.9 932.0 934.1 936.9 940.4 941.0 943.9 944.0 944.8 953.6 957.1 957.6 958.8 965.4 966.7 968.6 970.0 973.1 977.0 983.6 984.4 987.1 988.5 991.3 992.1 992.4 996.0 997.5 
901.1 903.5 914.4 915.9 916.7 928.9 931.2 931.3 935.6 937.0 937.5 938.4 938.9 940.2 941.7 944.2 950.8 954.3 958.8 958.9 963.0 966.6 971.7 972.9 973.9 979.2 979.6 981.5 984.3 984.7 987.7 994.7 
900.2 901.5 902.8 905.9 909.7 910.4 911.7 911.9 913.2 913.4 914.3 914.6 916.6 921.4 923.8 928.6 929.1 933.4 933.6 934.6 936.9 938.5 944.0 945.1 952.2 953.6 955.6 955.7 958.7 962.4 964.4 969.9 970.6 973.6 975.0 980.9 981.2 983.3 994.0 996.6 996.8 997.5 999.6 
901.1 902.3 903.7 904.7 905.8 906.2 907.6 910.6 915.4 917.1 917.5 919.4 934.6 936.3 939.0 941.6 942.9 943.0 943.4 943.6 947.5 948.9 951.5 953.6 956.7 957.7 958.0 959.1 961.5 962.5 967.5 973.9 975.5 976.4 978.9 982.1 984.1 993.7 
901.4 908.0 908.8 914.8 915.9 919.9 920.9 921.6 921.8 929.2 929.4 939.2 940.2 940.4 941.1 944.2 944.7 945.4 946.1 946.7 948.0 949.6 954.1 958.8 961.6 970.5 973.7 980.8 985.3 986.4 988.8 988.9 990.5 991.6 996.2 996.3 997.2 
900.0 904.5 918.4 922.4 924.5 925.1 926.7 928.6 928.9 933.0 933.2 938.4 943.3 947.5 949.0 951.4 965.4 969.6 971.9 978.3 985.0 994.3 995.4 













917.2 920.8 943.2 949.2 950.7 956.3 958.2 958.3 966.6 977.4 978.0 986.9 992.2 992.7 995.7 996.8 
901.7 902.3 906.3 912.4 913.5 916.4 918.7 918.8 921.1 921.2 922.9 926.5 927.2 932.1 935.9 937.4 938.6 939.3 939.4 948.9 950.6 952.6 953.4 953.8 954.6 961.8 962.1 962.2 962.7 963.7 967.7 968.3 969.3 971.4 972.2 976.4 979.7 979.8 986.8 988.4 989.5 990.0 991.7 998.7 999.5 
900.8 901.5 901.6 902.4 904.7 908.2 908.4 908.8 913.4 916.4 917.2 919.1 919.3 920.8 922.9 929.5 933.3 934.0 935.6 937.1 939.0 939.5 940.2 945.2 948.4 948.9 952.3 957.3 958.9 959.7 960.1 963.6 966.3 966.8 969.7 970.3 970.7 971.2 975.7 977.2 980.6 981.4 990.4 991.0 994.7 997.3 
900.6 902.3 903.3 908.6 910.2 913.6 915.0 916.9 918.2 927.6 928.2 928.8 929.4 929.7 931.1 936.2 939.5 939.9 942.6 943.7 944.2 947.6 950.2 951.3 952.9 956.0 959.8 963.1 963.2 965.1 967.8 968.8 973.1 976.3 978.7 979.0 980.1 982.1 984.1 984.2 986.3 989.1 989.9 991.1 999.5 
900.4 901.0 902.1 909.2 912.3 915.5 915.6 916.3 916.6 926.8 928.5 931.3 932.2 935.2 944.9 945.5 946.0 946.3 946.9 947.3 947.4 949.8 952.7 954.1 955.3 955.4 955.5 956.6 958.3 963.8 968.4 975.9 977.2 981.8 986.6 988.4 988.7 991.6 992.7 993.1 993.4 994.4 995.3 
904.3 907.3 908.2 908.5 908.9 913.9 919.6 925.8 930.6 933.5 938.6 954.8 955.6 959.2 959.4 964.0 968.1 969.3 971.2 971.5 984.3 984.5 986.0 994.2 994.4 997.8 999.3 
913.3 


900.2 900.4 909.6 920.0 921.8 923.1 927.6 930.5 934.8 935.8 940.5 941.5 943.7 943.9 944.6 945.2 951.7 952.4 956.2 959.0 963.8 964.2 967.6 969.0 972.6 973.9 975.8 976.0 982.9 983.9 984.7 986.5 989.0 990.0 996.6 999.4 
900.8 920.9 924.0 932.4 937.2 964.1 966.4 968.9 982.2 989.7 993.4 
912.8 913.5 917.0 917.7 918.3 921.0 924.5 925.2 925.5 928.1 933.4 935.3 936.7 937.5 944.4 947.7 954.1 954.9 960.1 962.0 966.1 967.9 979.3 979.9 980.0 982.2 983.0 983.6 983.9 993.2 995.6 
906.9 910.9 911.5 913.4 920.8 922.6 924.8 925.7 926.0 927.1 927.7 929.2 929.7 930.2 930.3 935.0 936.2 941.6 945.7 947.7 948.1 948.4 955.3 956.5 957.2 960.9 961.5 962.0 964.3 966.5 967.1 968.1 968.5 971.8 974.0 974.6 975.1 978.3 978.5 979.1 979.7 981.5 981.9 990.7 991.3 991.4 992.4 993.8 995.1 
901.1 904.2 905.1 909.7 910.5 911.4 911.9 915.8 922.6 923.0 925.6 927.8 930.9 931.3 933.6 934.5 934.8 939.2 949.5 950.0 953.0 953.6 955.6 960.0 960.2 961.3 966.9 971.1 974.9 976.9 977.1 978.8 980.6 985.5 987.3 987.6 993.8 996.2 
905.3 905.6 906.8 907.5 909.0 909.6 914.1 915.4 916.8 918.5 921.6 921.7 930.2 932.1 934.1 934.6 935.0 935.9 941.4 942.4 944.4 945.9 946.1 947.5 948.4 952.7 955.5 957.0 960.5 961.7 964.1 965.7 965.9 968.9 974.9 982.0 982.2 983.2 983.5 985.3 985.4 989.3 990.0 990.8 993.4 994.7 994.8 997.6 
930.0 946.7 995.2 











902.4 908.8 926.0 929.0 930.0 931.3 945.8 949.1 950.1 952.3 960.0 961.4 968.1 970.9 973.1 974.0 976.8 993.4 995.9 997.2 998.1 
901.6 901.8 904.3 905.5 906.4 907.3 907.5 908.7 910.3 916.9 917.8 918.2 922.2 924.9 926.0 928.1 928.3 930.2 930.4 931.0 933.3 934.3 942.1 944.8 950.1 953.4 958.7 959.2 961.2 961.9 962.7 965.1 965.9 968.6 971.3 971.6 972.1 976.0 977.0 977.5 981.8 983.8 984.5 984.9 987.3 990.2 993.2 994.1 997.0 997.4 999.4 999.7 
903.6 906.8 909.1 909.9 915.7 916.1 920.7 920.9 921.3 921.6 922.6 926.4 930.7 934.6 934.9 938.9 939.1 940.8 947.9 949.6 950.8 952.5 954.0 954.7 957.2 959.0 959.9 963.8 965.4 965.5 969.0 973.4 974.1 974.6 977.4 979.0 982.6 984.4 984.6 986.2 986.9 989.1 991.7 993.3 995.4 996.2 996.9 
903.4 904.3 907.1 908.5 908.8 909.2 909.4 911.3 911.7 917.4 917.5 917.8 923.7 925.3 927.4 928.3 931.2 933.1 934.3 935.9 938.5 939.2 940.0 943.5 944.5 945.5 948.0 953.0 953.2 959.1 960.3 962.2 966.0 967.2 967.5 969.8 970.5 971.2 971.9 974.1 976.8 978.5 984.8 985.0 989.3 990.1 991.5 992.5 992.7 994.4 996.4 997.3 
904.0 907.4 908.1 908.9 910.2 911.3 915.4 918.0 920.6 925.1 933.1 936.1 938.3 938.6 944.7 946.7 946.9 951.5 956.8 959.6 963.0 963.8 971.6 974.0 978.6 980.5 986.1 989.9 997.5 998.9 
915.7 960.7 971.0 973.1 975.7 




900.8 901.8 902.2 905.3 906.1 908.2 910.5 912.4 912.9 919.5 920.6 921.3 923.8 924.4 924.8 933.8 935.4 936.3 936.8 938.1 938.4 938.8 941.5 942.0 942.9 944.5 944.6 946.6 946.8 947.9 951.8 952.9 953.2 953.6 954.2 955.8 956.1 957.2 962.2 962.4 962.6 964.7 967.9 970.2 970.7 972.4 972.5 974.9 975.0 976.8 983.4 986.6 995.0 995.1 995.7 997.2 
911.0 925.0 938.3 943.1 964.6 966.2 977.4 980.7 983.1 995.4 996.5 
901.1 912.1 918.9 919.4 932.6 933.3 933.6 933.8 935.1 937.3 937.7 940.6 947.9 950.3 969.8 973.7 974.0 978.6 988.1 
900.6 900.8 902.9 903.8 907.3 909.0 909.7 914.7 919.0 919.7 922.8 925.2 925.5 927.0 928.8 930.2 930.6 931.2 931.3 934.1 939.0 940.0 940.8 941.3 944.5 944.6 950.1 952.9 954.0 954.5 955.2 955.6 956.0 956.5 956.9 958.3 969.6 970.4 970.9 972.4 977.8 982.2 995.7 996.6 997.0 997.3 998.4 998.9 999.1 999.5 
903.6 905.5 905.6 906.8 907.3 907.9 908.9 910.7 911.6 912.6 914.0 915.0 915.8 918.2 918.3 920.1 921.0 922.4 922.5 926.6 928.7 931.5 934.2 936.3 937.3 938.4 938.7 939.9 942.8 944.4 949.1 951.1 951.3 952.2 954.5 957.6 958.8 960.3 960.5 961.7 963.7 963.8 965.4 965.5 967.5 968.2 970.3 971.4 974.4 975.6 978.3 983.0 983.2 983.6 984.4 986.2 987.6 989.9 994.3 997.5 997.8 998.3 
902.4 903.6 904.8 905.0 907.7 908.4 908.5 908.7 908.9 909.5 909.8 910.3 911.6 915.3 916.4 919.5 919.8 922.6 923.0 924.0 924.8 926.5 930.5 931.5 932.8 933.8 933.9 935.9 936.3 937.3 938.6 943.7 946.5 949.4 953.3 958.0 962.0 963.0 964.6 970.5 972.6 975.7 976.3 978.0 978.7 978.9 984.8 988.9 989.8 990.7 991.2 997.8 
917.4 938.9 944.1 957.3 963.4 975.4 976.3 985.0 993.4 










901.6 902.2 911.0 911.4 918.4 920.8 921.9 924.9 930.1 938.3 941.1 960.3 969.1 986.3 988.5 992.7 
905.9 907.3 907.4 911.2 911.4 911.9 914.7 915.3 917.9 918.5 921.4 925.5 925.7 928.6 930.0 930.7 931.4 931.7 937.5 937.9 939.6 943.1 944.6 948.4 953.3 953.4 955.5 958.3 960.2 963.4 963.7 964.6 965.0 965.6 967.1 967.2 967.4 969.1 971.9 972.5 975.5 976.1 977.2 979.8 985.0 986.2 986.5 987.5 987.9 988.2 990.4 991.1 993.4 993.9 994.0 994.3 997.3 
900.4 900.9 903.3 903.5 903.6 905.4 911.1 912.8 913.0 914.1 914.7 915.8 916.2 916.9 918.7 919.0 919.2 921.9 922.2 924.0 924.5 926.6 926.8 928.9 936.4 936.5 938.7 942.0 942.4 942.5 945.2 946.2 947.2 948.0 950.2 950.9 952.2 961.5 964.8 965.5 966.9 968.5 969.4 970.7 972.4 973.7 975.8 976.6 981.5 981.8 982.5 984.5 984.9 985.0 986.3 986.9 987.4 992.2 992.4 993.4 994.3 994.7 995.2 997.5 
902.7 902.9 903.9 905.2 905.6 906.0 907.3 911.0 911.5 914.3 915.6 918.7 919.5 922.9 923.7 924.1 925.0 926.5 929.9 935.6 935.8 938.4 938.9 941.5 945.7 945.9 946.2 954.7 954.9 955.8 957.1 957.9 964.3 968.9 978.5 978.8 980.5 981.5 982.1 983.9 988.0 991.5 991.6 993.9 994.3 994.9 996.0 996.8 
909.1 916.0 918.5 924.8 942.0 956.0 982.4 989.4 994.9 




973.7 
900.5 931.8 986.2 993.3 
903.5 925.1 929.7 942.0 944.0 956.1 957.5 964.5 968.1 988.0 991.3 997.5 
901.1 901.2 906.4 906.6 914.9 915.8 916.4 917.4 919.3 924.4 931.0 931.2 931.3 932.0 937.0 937.2 942.6 943.0 949.9 955.0 955.8 958.4 960.3 967.4 974.8 977.1 977.3 978.0 979.9 981.7 984.1 986.5 988.9 989.6 989.8 994.1 995.8 997.7 999.2 
902.0 909.6 912.0 917.2 919.7 922.0 923.2 924.0 932.0 934.8 935.7 939.1 940.7 942.7 943.9 947.2 949.5 953.2 954.0 955.7 956.5 959.3 959.5 960.3 961.0 962.0 962.4 964.2 968.5 969.3 973.6 974.8 975.4 978.5 980.4 981.8 983.9 985.1 986.3 989.0 989.2 990.3 990.4 991.5 992.8 994.8 995.2 996.2 996.6 997.4 
900.6 902.8 905.8 906.6 907.8 910.1 912.1 914.3 915.0 917.7 918.8 919.4 922.4 922.7 925.2 926.1 928.4 928.7 930.4 936.5 940.8 940.9 943.2 945.0 947.4 950.6 957.1 958.2 959.7 961.8 963.1 963.3 967.3 967.6 970.6 971.7 972.7 974.0 977.7 979.3 980.6 981.6 982.3 983.7 985.1 985.5 993.3 993.4 994.0 994.8 996.5 997.5 
903.8 906.4 910.3 910.7 911.4 911.7 911.8 912.2 912.3 914.3 916.5 917.5 917.8 918.6 924.7 927.3 927.8 929.8 934.0 937.0 939.8 943.0 948.6 952.3 953.8 956.0 957.9 958.7 958.8 965.4 966.3 967.0 969.2 969.3 970.6 977.5 978.8 978.9 979.2 982.9 984.9 994.6 
902.6 908.5 910.8 914.9 917.8 922.5 926.7 927.8 929.8 932.2 938.2 940.4 943.1 943.2 949.6 957.3 961.0 969.1 971.2 972.7 974.3 975.3 982.0 985.2 988.4 989.8 993.3 997.0 999.5 
994.1 










905.7 907.5 912.0 912.3 917.3 936.1 941.0 971.0 984.9 
900.4 901.7 902.4 903.0 906.4 907.2 907.6 908.0 909.1 911.0 911.6 911.8 915.7 916.8 918.3 918.6 923.5 925.8 925.9 928.5 931.4 935.9 936.0 939.4 941.4 945.5 945.9 947.7 951.9 952.2 956.1 956.4 957.0 957.5 960.3 960.6 961.7 963.4 967.2 968.9 971.0 971.6 975.0 985.5 986.4 988.6 989.9 990.0 991.5 993.5 994.4 996.7 997.8 
900.4 900.9 903.4 906.2 907.3 908.1 908.4 909.0 910.6 911.6 913.8 914.4 916.9 917.9 918.9 919.0 922.0 924.2 929.8 930.9 933.3 933.6 933.7 936.8 938.6 941.2 943.0 943.6 945.3 948.0 951.0 951.9 953.0 956.3 956.7 957.1 957.9 958.1 963.9 964.9 965.5 971.1 971.2 973.1 973.2 974.6 977.4 978.2 981.2 981.5 982.5 985.1 985.5 985.7 990.7 994.6 995.7 997.1 997.7 
900.7 902.1 907.2 908.7 909.8 914.2 919.4 921.1 922.2 924.1 927.9 931.9 935.7 937.7 938.7 943.4 947.1 947.9 951.2 954.3 956.4 956.7 957.1 959.3 962.3 962.4 964.4 966.3 967.9 970.4 971.2 973.1 976.1 981.3 982.3 984.0 986.6 988.9 989.1 998.6 998.8 
900.5 902.5 904.8 909.0 909.4 914.2 916.1 925.3 931.2 931.4 941.9 947.8 951.0 960.1 974.4 982.2 992.4 998.6 
900.1 904.2 904.9 906.8 912.5 916.2 923.0 931.7 933.3 936.2 942.5 946.8 948.0 954.1 955.2 955.8 958.6 960.1 969.0 974.1 974.9 978.1 981.9 982.3 985.0 985.9 988.5 991.7 993.2 994.7 
900.7 908.3 911.1 916.5 918.2 922.7 927.8 937.2 940.8 942.6 945.1 945.9 946.7 949.4 952.5 952.6 953.5 953.6 961.1 963.5 964.0 966.1 967.8 972.6 973.5 978.5 979.6 980.7 981.8 985.3 988.4 988.6 993.3 993.5 993.8 999.5 
905.9 907.9 909.0 911.0 911.1 912.1 914.4 914.9 917.9 919.4 920.7 920.9 928.2 930.8 933.7 935.7 936.8 936.9 938.6 940.2 943.0 948.1 950.7 951.3 953.7 958.4 966.7 967.6 969.4 979.1 980.6 981.4 983.3 991.7 993.9 998.0 998.6 
902.1 902.4 904.0 904.7 906.5 914.3 917.1 919.7 920.1 920.2 922.0 924.1 928.2 928.4 930.0 931.9 932.1 939.0 942.7 946.5 949.7 954.3 959.4 959.5 960.4 964.1 966.3 966.6 968.7 968.8 972.0 972.5 974.4 979.3 980.3 983.8 985.1 990.0 990.2 990.7 992.0 993.2 995.2 999.8 
902.7 904.1 904.2 904.5 906.9 907.7 911.5 912.0 912.1 921.3 921.4 921.6 921.9 925.6 926.2 929.0 930.5 933.0 934.0 942.6 943.6 945.3 957.9 963.3 965.9 966.1 967.3 972.3 974.3 979.6 986.6 989.6 993.4 994.3 994.8 998.4 998.9 
906.1 906.7 908.0 914.1 915.3 916.3 918.2 919.2 920.0 926.8 927.1 932.7 936.3 939.1 953.0 960.5 967.3 968.0 971.3 974.8 977.8 978.7 978.8 980.8 983.3 984.0 985.5 986.9 995.0 996.7 996.9 997.5 998.7 
903.2 903.3 905.9 908.2 908.5 909.2 911.7 914.4 916.4 917.1 924.8 925.1 931.8 932.2 932.9 936.1 936.2 936.9 937.3 937.5 942.8 943.7 943.9 944.9 945.5 947.7 948.8 953.0 957.1 960.9 963.9 971.2 971.4 973.4 975.2 978.3 980.3 987.6 988.8 990.4 990.6 995.7 997.4 999.3 999.6 
900.1 902.1 902.8 913.2 915.0 916.5 921.5 923.1 926.0 927.7 928.6 930.0 930.5 931.4 932.9 935.1 935.4 936.8 936.9 939.6 939.7 940.4 944.9 946.4 948.0 953.2 954.3 954.5 956.1 956.8 957.9 959.5 963.8 965.3 968.1 970.6 974.9 979.1 980.5 981.3 981.8 982.6 984.3 986.0 986.2 986.8 988.6 990.0 990.1 990.2 991.4 991.9 992.0 992.2 995.8 996.3 998.1 999.8 
910.1 910.2 912.4 912.6 914.0 916.4 916.6 918.2 921.5 922.0 927.9 929.9 931.8 933.3 933.8 935.8 938.6 940.6 941.0 942.7 946.9 948.8 951.9 952.8 956.8 958.6 959.2 964.4 966.0 970.6 970.7 970.8 973.8 978.5 978.9 982.6 983.3 987.6 988.4 989.5 989.8 991.9 992.7 
902.0 903.1 903.3 904.1 904.4 907.9 908.6 909.5 909.7 910.5 913.9 916.3 919.7 921.4 925.3 928.6 928.7 930.8 939.4 941.5 942.0 942.2 951.5 954.8 955.5 956.7 958.7 961.5 962.4 963.7 968.1 968.5 968.9 971.1 971.6 973.5 974.7 974.8 976.1 976.2 976.3 976.5 979.0 982.4 982.6 984.8 986.7 986.9 988.1 991.1 996.3 997.0 
901.6 907.0 907.2 908.1 911.5 911.9 917.5 918.5 920.5 920.7 926.5 929.2 931.0 932.5 939.2 939.8 941.8 944.4 947.1 947.3 948.1 956.1 958.4 965.4 966.1 973.6 978.5 979.9 981.1 984.9 990.7 991.2 992.4 993.1 
914.8 935.7 940.3 953.5 963.7 975.6 











950.7 
902.0 908.4 908.8 910.3 917.4 918.6 930.9 931.0 931.9 936.1 937.5 942.4 944.5 945.3 949.7 951.0 958.0 959.3 963.2 963.6 965.6 966.0 966.1 969.3 972.9 973.8 977.5 977.6 978.0 982.5 984.5 989.6 992.0 994.8 997.6 997.9 
900.7 900.8 903.1 908.5 909.6 911.5 916.4 919.5 919.6 929.0 933.3 933.6 933.8 934.4 935.3 938.4 938.5 942.4 943.4 944.3 944.8 946.7 947.8 950.0 955.3 955.4 957.3 958.5 959.6 961.7 964.3 965.2 967.2 968.7 973.1 975.2 975.9 977.3 984.5 987.4 988.9 990.0 994.4 994.6 996.9 
904.8 908.0 908.9 910.7 913.8 915.0 918.2 921.1 921.5 926.7 931.1 931.6 932.2 932.5 936.0 936.1 936.9 938.9 942.4 942.8 944.8 945.1 947.3 948.3 948.9 951.2 954.0 954.4 956.9 957.4 957.8 958.7 959.9 962.5 962.6 963.5 966.2 970.0 970.4 971.0 972.9 977.8 978.6 982.6 983.4 984.3 986.6 986.7 987.4 987.6 988.6 989.0 991.2 991.4 992.2 992.4 992.5 992.8 994.1 995.9 998.9 999.2 
901.1 904.5 911.7 914.4 916.1 918.3 924.2 924.7 928.6 931.0 935.6 939.1 945.2 946.1 946.4 948.9 951.2 957.4 957.6 957.9 958.7 963.3 968.3 969.3 969.9 973.4 974.0 975.3 976.2 978.6 982.8 984.0 985.9 986.6 987.7 989.7 991.8 992.5 996.1 
900.8 901.8 903.7 905.9 906.0 907.3 908.7 913.1 913.2 914.6 919.0 920.3 922.8 924.4 924.7 926.7 927.0 927.7 929.4 929.6 930.5 930.6 931.0 932.8 933.4 933.5 937.7 940.4 942.9 943.8 948.3 951.9 957.1 958.3 958.6 959.7 960.6 965.0 965.5 969.3 970.2 972.4 972.6 973.8 976.3 977.0 977.1 977.8 978.5 979.9 983.5 986.4 990.7 992.6 994.1 995.6 996.2 996.5 997.7 999.0 
901.8 908.3 911.0 911.8 913.6 915.3 916.7 917.0 918.0 921.1 924.3 928.6 932.2 936.7 937.2 937.4 939.5 940.3 944.7 947.7 948.9 950.9 954.3 954.7 954.9 956.2 963.3 965.5 967.9 971.1 972.6 972.9 980.7 987.2 987.3 988.4 991.7 992.5 993.2 995.4 
900.9 904.1 905.5 907.1 908.0 908.6 911.2 912.0 913.5 915.0 918.2 920.8 922.7 926.9 929.2 929.8 930.7 932.9 934.4 934.8 935.0 935.2 938.1 938.4 939.9 940.1 940.2 942.3 944.6 949.2 952.5 954.3 954.6 955.6 957.2 960.9 964.5 967.4 967.6 968.4 968.7 969.6 970.5 972.5 974.6 978.4 981.4 983.8 989.7 990.3 990.6 992.4 995.4 999.0 
900.2 900.3 900.5 901.0 901.9 902.9 905.0 905.3 909.1 909.2 909.6 913.4 914.4 915.8 917.5 920.2 922.9 924.2 926.1 929.6 930.7 932.1 933.1 933.4 935.9 936.6 937.1 941.3 941.5 942.0 948.3 948.4 952.1 952.7 953.3 954.5 961.0 963.1 964.3 964.4 969.7 970.9 972.6 976.3 978.8 979.4 985.6 987.1 989.9 990.6 990.7 999.2 
901.3 907.3 909.4 921.2 923.3 923.4 930.4 932.0 935.2 940.1 940.6 942.7 943.9 946.1 949.6 949.8 950.6 951.1 951.8 958.0 958.1 958.3 958.6 959.4 960.4 963.7 965.5 968.1 972.9 973.9 974.3 974.7 975.7 976.0 976.3 976.9 978.6 979.2 980.3 980.7 981.6 982.7 983.5 984.9 987.5 989.2 989.7 989.9 990.5 990.8 996.0 997.7 
900.4 903.9 909.5 909.9 917.4 919.5 922.7 924.3 925.6 926.7 928.1 931.4 932.4 932.6 933.0 933.7 935.9 939.1 943.0 943.7 944.8 953.6 959.3 960.4 961.4 962.7 965.3 967.1 973.7 982.2 983.8 988.8 991.2 992.8 993.2 994.4 995.7 997.6 998.4 
901.1 903.0 905.7 906.4 907.2 918.1 918.8 923.7 927.6 928.4 929.8 931.6 936.4 937.5 939.8 940.3 940.5 941.6 944.0 945.2 945.3 945.7 945.8 946.9 947.3 950.3 951.5 957.0 959.3 962.9 964.6 965.4 969.9 972.0 972.8 973.0 976.0 977.3 977.4 979.0 982.1 986.8 988.8 989.9 993.7 994.5 995.6 996.5 999.1 
900.3 901.1 901.3 901.4 902.7 905.6 906.7 909.0 911.6 915.2 918.3 920.6 920.8 922.2 927.5 934.4 935.2 936.2 937.3 938.1 940.1 942.7 943.1 943.8 943.9 947.1 948.1 948.3 950.1 950.3 952.6 953.8 954.6 955.8 959.8 960.0 960.4 960.7 963.2 964.2 966.0 973.3 978.8 989.9 990.8 993.0 994.7 996.2 996.7 999.1 
902.1 902.4 912.0 918.9 920.5 922.1 923.1 924.6 927.9 929.5 937.1 937.3 938.5 940.6 941.7 942.6 945.6 946.0 949.9 950.6 951.2 952.8 953.9 957.0 958.3 958.9 960.5 961.6 963.6 977.5 978.2 979.2 984.4 993.0 998.4 
903.9 906.6 906.8 908.1 910.5 913.2 916.7 919.8 921.7 928.6 933.1 936.3 938.2 940.9 944.8 945.6 951.0 951.4 957.0 959.3 966.6 969.3 970.0 975.2 976.4 977.2 977.3 978.6 978.8 987.7 989.5 990.0 995.6 996.4 997.0 997.6 
904.2 912.1 915.3 925.0 938.6 985.3 














947.2 949.4 973.5 
900.6 903.9 913.8 914.3 914.8 924.4 928.2 932.9 935.6 939.0 939.6 942.1 946.3 950.1 954.8 960.7 961.4 963.5 966.7 969.0 973.2 977.7 979.6 986.4 988.5 992.1 992.4 999.9 
904.8 909.6 911.7 911.8 915.7 916.3 920.2 929.2 936.8 944.0 947.5 949.7 952.2 952.3 953.4 956.6 962.8 963.1 965.6 971.9 972.4 973.2 978.8 980.2 981.3 981.7 988.0 989.0 995.7 996.2 996.8 997.8 
900.4 902.2 904.4 906.2 909.0 912.3 915.4 915.7 916.2 922.0 926.1 928.6 935.7 948.3 948.9 950.7 951.8 952.8 953.0 955.7 956.7 958.0 959.1 961.1 963.4 963.7 964.9 965.7 975.4 977.1 978.9 979.8 985.9 987.2 987.9 989.1 989.3 994.7 995.3 
904.2 908.8 912.1 919.3 924.9 927.2 927.4 933.1 933.3 937.5 940.5 949.5 951.6 953.3 953.6 953.8 955.8 966.6 967.1 976.2 984.9 985.6 986.6 990.7 999.9 
902.5 906.0 906.2 907.3 910.6 914.6 919.5 935.0 936.0 937.6 943.2 944.0 944.2 947.6 949.6 951.1 951.8 954.3 961.6 962.2 963.4 966.5 969.2 970.9 972.9 976.1 979.1 982.5 987.5 999.4 
901.9 903.5 904.5 912.8 913.7 920.2 920.5 924.2 924.4 926.0 929.8 930.5 932.5 937.0 939.8 940.0 940.7 944.9 946.1 946.9 948.7 949.9 954.7 960.8 961.3 965.7 966.8 968.0 968.8 969.0 969.4 970.0 972.3 974.0 977.5 990.3 994.4 998.2 
904.6 905.1 905.6 906.4 907.5 910.1 910.3 911.1 912.1 914.9 916.2 916.7 920.8 923.7 924.1 925.5 927.3 927.5 928.3 929.5 930.7 935.2 938.5 939.9 942.7 943.3 948.0 948.7 949.5 950.9 951.7 952.8 961.0 962.0 962.1 970.4 971.1 971.9 972.2 974.4 976.0 979.4 979.5 980.1 980.3 983.2 995.9 997.8 999.3 999.4 
907.4 914.7 921.7 922.4 922.8 923.4 926.6 927.7 933.1 938.3 940.6 945.0 948.0 948.2 953.4 953.5 956.8 958.5 959.1 960.1 961.2 962.1 962.5 962.8 969.6 969.9 970.7 973.4 976.2 976.6 981.3 983.8 986.2 987.3 988.4 989.1 994.2 994.5 994.7 994.9 995.8 996.5 996.8 
900.6 902.0 904.9 905.3 910.3 913.2 919.7 923.7 924.8 924.9 927.3 930.2 938.0 938.2 938.4 940.3 941.4 945.6 947.2 949.9 952.5 954.5 955.6 957.1 958.9 965.2 965.5 966.5 966.6 967.8 968.0 969.0 972.5 974.1 975.7 978.4 978.6 979.2 979.9 982.9 985.3 985.9 986.3 989.9 992.3 998.5 999.7 
903.7 904.4 907.3 910.2 919.8 920.2 920.7 921.2 926.9 928.1 931.0 931.1 932.1 932.2 933.4 938.3 938.6 939.4 939.6 940.7 943.2 944.2 944.4 945.6 946.0 949.7 950.5 950.9 953.6 953.9 954.5 956.1 957.5 958.4 960.5 964.5 965.5 966.7 968.3 968.7 975.0 975.4 976.9 978.3 981.7 984.5 986.8 988.5 989.7 990.7 990.8 993.9 994.2 995.0 996.2 999.3 
905.6 907.2 907.8 916.2 916.8 918.9 919.0 919.2 924.5 925.0 925.2 929.4 930.2 930.6 936.2 948.3 950.0 953.1 953.6 956.2 957.2 960.2 961.8 964.8 965.8 966.8 968.2 970.0 971.1 971.4 973.0 974.6 982.2 992.4 999.9 
920.6 921.2 937.5 938.3 





















903.3 907.3 911.8 914.5 914.9 923.4 924.1 931.7 932.0 936.3 942.7 945.9 954.3 962.0 969.3 980.6 980.9 981.4 982.4 985.3 989.5 990.2 991.5 993.1 997.9 999.6 
900.0 902.4 906.7 907.9 908.6 911.2 911.7 914.0 914.5 915.5 916.4 918.3 918.9 921.3 924.2 924.7 931.1 931.4 931.7 931.9 933.1 933.2 934.8 935.7 937.7 944.7 947.5 949.7 952.2 955.3 956.4 957.9 963.6 964.2 965.3 976.9 977.0 979.8 982.0 988.6 988.7 989.4 995.5 
901.2 901.7 902.3 903.6 906.0 908.5 910.3 910.7 911.7 913.1 913.6 914.4 916.4 923.4 924.9 926.4 933.0 933.8 939.5 940.3 953.4 954.8 954.9 958.8 960.9 962.1 962.5 963.1 965.0 968.5 969.2 969.8 970.1 977.4 977.8 977.9 978.6 978.7 982.7 987.2 988.0 988.2 990.3 992.4 996.4 996.8 998.1 
903.5 904.4 905.1 910.8 913.4 914.3 914.8 916.0 917.5 923.4 925.0 931.0 933.5 936.9 938.3 940.2 942.6 943.0 943.7 947.8 947.9 949.1 949.2 949.5 949.9 950.9 951.8 956.0 958.7 959.5 961.8 962.5 962.7 963.0 965.1 965.4 965.8 969.1 972.0 973.8 974.9 978.0 978.5 979.6 982.7 982.8 987.7 990.6 991.2 993.1 993.6 997.0 997.1 997.6 998.4 
900.3 900.8 901.5 908.8 919.6 926.0 930.3 934.4 938.6 940.4 941.0 945.6 949.7 954.7 957.3 958.6 962.3 968.5 974.6 974.8 978.0 979.8 987.9 995.8 






















904.7 905.4 907.2 911.0 922.1 924.8 926.1 930.2 935.7 939.8 940.8 943.1 945.1 945.7 949.1 959.8 964.7 969.5 987.0 987.2 987.7 988.4 
902.7 903.3 906.7 910.4 912.0 912.4 914.6 917.3 919.5 920.1 921.2 923.7 924.6 926.2 926.5 933.6 934.9 936.4 940.8 941.7 943.3 944.3 946.9 947.1 955.9 956.9 960.0 960.4 962.2 967.0 970.3 970.5 971.6 972.0 976.6 978.3 978.6 984.2 987.8 990.1 992.9 998.0 
902.3 909.4 910.5 911.3 912.5 913.0 918.8 924.9 926.0 928.6 929.1 931.4 932.4 932.8 933.4 934.3 935.4 937.6 937.9 938.4 940.1 943.2 948.4 951.5 951.8 952.5 954.3 955.3 957.9 958.0 960.4 961.0 966.0 976.1 977.9 978.1 978.3 979.1 983.0 983.9 985.3 988.4 993.0 993.5 994.4 995.3 996.2 996.8 999.6 
900.2 901.3 902.6 903.3 903.4 908.6 909.2 914.8 915.9 918.2 918.4 918.6 919.7 920.6 921.4 921.6 922.6 924.6 926.2 926.3 927.4 927.7 929.9 933.2 933.4 934.7 936.1 937.0 937.6 942.2 943.4 944.9 945.9 946.1 947.9 950.2 950.6 951.7 952.5 957.1 957.4 957.5 961.0 964.2 965.0 966.1 967.0 967.5 975.7 975.8 978.9 981.0 985.2 985.7 987.2 988.7 989.1 989.5 990.2 991.1 995.6 997.2 998.0 
902.0 902.9 903.3 904.2 908.6 911.4 914.9 916.9 924.5 928.7 930.1 941.9 943.3 951.9 953.0 954.6 957.1 958.0 959.1 969.7 973.9 983.0 987.2 987.9 991.7 991.8 997.7 999.1 






















902.7 908.8 916.9 917.1 924.1 928.1 937.4 941.8 949.1 952.4 959.0 959.4 961.6 962.1 962.9 963.1 977.1 977.5 984.6 986.2 988.2 990.3 
903.4 905.4 906.1 906.2 916.7 919.2 919.7 923.2 923.5 925.5 926.1 930.1 930.6 931.9 933.2 934.8 936.1 936.2 941.3 941.9 942.9 944.3 948.1 948.7 954.6 956.4 960.2 960.5 971.1 980.4 981.9 982.6 982.8 983.7 984.9 985.8 987.6 987.7 990.2 990.9 992.2 994.8 999.6 999.7 
904.4 907.3 909.1 911.7 913.1 915.0 916.4 916.5 918.6 923.1 928.0 928.3 928.5 929.1 932.2 933.2 933.3 934.0 935.9 938.2 938.5 938.6 942.0 942.3 944.4 946.4 948.0 950.1 952.4 952.7 953.4 953.9 956.2 957.9 962.5 963.7 964.3 970.2 972.4 972.7 973.1 973.2 973.4 973.6 974.6 977.5 978.8 979.3 984.7 985.5 987.5 987.6 988.0 989.4 990.0 990.7 992.1 993.9 995.2 995.5 999.5 
900.4 904.0 906.2 911.1 911.6 914.5 915.4 915.9 916.1 916.7 917.0 919.6 922.3 922.4 923.6 923.9 926.0 928.3 932.3 932.8 933.6 935.7 936.3 936.7 936.9 937.2 939.2 942.8 943.1 946.5 947.4 947.5 948.4 950.7 952.5 953.0 953.3 955.1 955.8 958.6 959.1 960.9 961.7 964.6 969.4 970.5 973.0 974.4 976.2 978.4 980.0 982.2 983.4 985.2 986.0 988.7 989.8 991.7 994.7 995.1 995.5 
904.8 905.0 906.4 906.9 912.9 914.0 937.9 938.7 942.5 945.8 948.4 950.9 951.0 953.6 953.7 954.2 956.6 956.9 962.6 964.1 964.4 964.7 966.0 966.3 972.4 976.3 977.6 978.8 979.8 981.1 984.9 986.3 987.1 987.8 990.6 995.5 999.3 
923.1 934.5 966.3 997.2 





















911.8 918.1 919.9 936.1 970.9 983.2 984.9 986.3 987.2 987.5 994.0 
909.3 913.0 913.5 915.4 919.3 920.5 921.4 922.2 927.7 932.1 933.6 937.5 937.6 943.5 944.6 944.7 946.6 947.3 947.5 948.7 952.8 954.9 955.7 955.8 962.0 962.8 964.1 965.5 972.3 972.8 976.5 977.5 979.4 980.6 982.3 984.7 985.3 987.7 988.9 989.8 992.5 997.5 
900.7 901.8 902.0 909.7 909.8 920.6 920.8 922.2 924.0 924.7 925.3 928.5 929.6 931.1 932.6 933.1 939.7 942.2 944.6 945.8 952.6 953.7 957.5 961.1 962.5 962.6 966.8 968.1 972.3 974.7 978.5 980.1 980.6 980.8 982.3 986.5 986.8 987.3 987.7 988.9 989.6 990.8 991.4 994.3 996.4 996.5 997.6 999.1 
901.9 902.3 903.2 904.6 905.6 906.3 908.1 908.2 910.1 911.8 912.2 912.7 916.9 921.2 923.2 931.2 932.8 933.1 937.5 939.5 945.0 946.5 946.9 947.3 948.4 955.2 958.1 959.4 960.3 960.7 962.7 963.6 966.9 969.5 972.1 973.8 974.3 974.5 976.3 977.8 982.2 985.6 985.8 989.2 990.6 991.5 992.3 992.9 995.5 998.6 
902.0 905.6 907.0 910.3 910.4 910.7 913.3 916.5 916.7 920.4 923.9 926.8 927.5 929.6 929.8 930.2 930.7 933.5 937.4 937.8 939.4 939.6 943.7 944.0 945.2 949.5 950.6 951.4 952.3 953.8 956.3 959.1 960.3 968.3 968.7 971.4 975.1 976.1 979.2 981.1 984.2 986.4 987.9 991.0 992.9 993.8 994.8 999.4 
903.7 953.7 955.3 959.2 961.8 971.3 974.4 979.3 980.0 981.8 984.3 988.7 992.7 






















903.6 903.8 909.1 910.2 910.5 912.9 915.2 919.6 922.0 924.2 931.5 935.0 936.7 944.1 944.2 947.5 952.4 959.6 960.6 962.1 968.0 971.5 990.7 994.2 996.6 
900.1 904.0 907.6 912.0 912.5 912.9 919.8 920.1 923.3 924.1 927.2 927.4 933.2 934.2 937.0 939.3 941.2 944.7 949.9 951.2 951.6 952.0 955.7 956.7 963.4 964.9 965.3 966.0 966.6 967.0 967.3 967.6 968.9 974.2 976.3 977.0 977.1 977.2 977.7 982.6 983.4 985.0 989.4 993.0 997.1 998.6 
902.0 903.4 907.6 908.8 911.3 914.9 919.9 924.4 925.7 925.9 926.0 927.4 931.5 936.9 938.8 939.1 946.0 947.1 951.2 953.0 954.4 955.2 955.3 960.9 962.1 963.0 963.1 969.1 971.6 972.5 975.7 976.6 978.1 988.0 988.5 989.2 991.0 991.2 994.4 
903.7 912.2 915.6 916.1 920.8 921.0 926.6 926.7 930.1 934.0 939.7 940.7 941.2 942.7 943.6 944.5 946.4 948.0 949.0 949.6 950.4 951.1 953.5 956.5 956.9 959.5 963.5 965.1 965.3 967.8 972.6 973.2 974.1 981.2 983.2 984.6 987.6 989.8 990.0 990.1 995.8 996.0 997.7 999.8 
904.3 906.9 922.7 929.1 935.0 935.4 935.8 937.1 938.5 941.7 945.5 953.0 956.6 961.4 963.1 981.2 985.7 998.8 






















957.5 964.9 969.4 973.4 974.3 
900.8 901.9 902.2 902.3 903.5 904.3 905.0 908.3 908.5 911.1 912.7 914.7 915.6 919.1 919.5 919.9 925.1 932.8 932.9 933.3 938.9 939.5 942.6 943.1 949.9 952.1 956.1 959.0 960.4 960.9 961.7 963.8 970.8 971.2 972.8 973.8 974.9 982.5 983.5 988.4 988.5 991.4 991.7 992.5 993.3 995.5 998.0 998.4 
901.1 901.8 904.1 904.8 907.0 909.1 909.4 909.7 911.1 913.3 916.5 921.8 929.8 932.1 932.7 935.0 937.7 939.8 941.0 943.4 948.0 949.3 950.6 952.5 955.5 955.9 958.5 958.7 958.8 960.2 962.0 964.2 964.6 965.4 970.0 973.2 973.4 973.9 974.7 975.9 976.9 980.8 982.4 982.9 984.8 987.2 988.3 988.5 990.4 990.7 991.4 992.4 994.0 995.3 
900.0 900.9 906.1 907.7 907.9 908.4 911.1 912.7 917.1 917.2 920.9 921.8 923.0 925.7 928.9 929.0 929.5 932.4 936.4 937.7 938.0 939.6 946.0 946.6 947.5 948.7 949.2 950.7 954.2 954.8 957.1 957.2 958.0 959.2 960.5 961.8 963.2 963.7 966.2 969.5 972.5 973.0 975.4 976.8 977.7 979.4 980.8 981.8 982.7 983.4 988.3 989.9 990.2 992.5 992.6 993.0 997.4 999.1 
905.7 910.1 911.0 912.6 915.1 920.7 922.0 924.1 925.2 925.8 935.2 936.1 937.9 944.7 947.3 948.7 949.2 949.4 952.2 952.9 953.4 954.3 960.0 962.5 964.5 966.6 971.9 972.4 973.6 979.7 979.9 982.1 982.5 984.1 984.6 986.9 990.9 991.6 























901.8 906.4 906.8 919.0 920.2 923.2 923.8 924.1 929.5 929.6 937.1 940.2 942.6 947.5 948.0 949.4 952.2 952.6 953.4 957.8 965.2 970.2 971.7 973.0 976.9 980.7 985.0 988.4 988.9 991.0 995.5 997.5 998.0 998.5 
901.1 901.6 904.3 904.8 906.8 906.9 919.5 927.0 927.2 928.2 928.3 930.1 931.8 933.6 937.9 940.9 941.7 942.0 942.4 942.8 943.0 945.3 946.8 947.9 950.1 950.4 951.4 951.7 956.0 958.3 960.3 961.7 968.9 969.0 969.5 972.5 972.6 972.9 973.7 976.0 978.9 986.5 990.1 991.2 992.3 994.7 997.1 997.2 998.1 998.5 999.4 
900.9 901.4 903.0 903.3 903.7 903.8 904.0 905.4 905.9 908.1 909.6 911.4 913.5 916.0 916.5 917.5 922.5 925.2 930.0 931.0 931.6 934.2 936.3 938.0 944.5 945.1 945.4 946.5 955.5 955.6 958.9 961.1 961.7 961.8 962.3 964.0 965.7 967.6 970.7 971.0 971.4 972.1 972.4 973.9 974.8 979.0 981.4 981.7 984.9 986.9 989.7 992.1 996.7 999.8 
900.2 901.1 902.1 903.8 905.2 906.8 907.7 918.1 920.6 921.7 922.6 924.8 927.8 931.9 935.1 942.4 944.1 944.2 949.3 949.7 953.0 955.2 956.7 962.0 964.1 966.7 966.9 970.2 971.6 973.1 974.4 980.2 982.8 983.6 987.1 988.7 993.4 997.7 999.4 
922.1 






















910.1 913.4 917.1 920.3 925.9 931.1 937.3 940.3 941.2 944.1 950.2 959.7 960.0 960.5 960.8 969.0 978.5 985.6 986.9 992.4 
900.2 901.7 904.0 906.2 907.1 907.9 908.5 913.5 915.7 916.8 920.6 922.7 923.1 925.6 925.8 927.4 928.4 928.7 931.4 933.4 935.5 935.6 941.5 944.5 947.9 949.2 952.6 955.9 961.5 965.2 968.8 974.8 975.1 977.0 978.6 981.1 981.2 982.7 989.3 989.6 990.9 994.4 
900.4 900.9 901.5 902.3 905.4 905.8 906.7 906.9 908.5 910.0 912.6 916.5 917.0 924.9 925.4 926.9 928.6 932.2 933.6 934.7 935.8 946.6 948.2 948.6 949.2 950.5 950.7 958.8 959.5 960.1 961.1 962.4 965.4 967.2 968.3 969.8 970.5 971.7 972.1 973.1 975.2 978.4 979.2 979.5 980.7 983.4 986.4 987.8 989.9 990.9 992.3 993.4 998.9 
904.7 907.6 913.3 914.0 918.4 918.9 921.8 925.1 925.4 926.4 928.1 930.5 934.5 942.6 943.4 947.2 948.3 949.5 951.1 952.6 955.1 961.4 963.4 964.3 964.4 965.1 966.9 967.1 967.9 968.1 969.2 970.4 973.3 974.4 976.8 977.4 980.5 987.3 987.7 992.6 994.8 997.9 
902.4 910.1 910.8 916.9 918.9 931.8 933.3 934.6 958.4 982.9 987.3 991.5 996.4 























900.9 905.7 906.4 908.3 910.8 913.4 914.2 917.8 918.4 920.8 924.0 925.9 928.4 929.7 931.9 934.9 944.9 945.8 947.2 947.4 950.8 957.4 958.3 958.6 959.7 961.6 963.3 965.8 968.6 968.7 971.4 972.1 977.3 983.1 984.6 989.0 989.2 989.9 992.4 993.3 998.3 
900.9 901.4 903.9 904.8 905.0 905.2 915.4 917.0 920.0 925.5 926.6 927.8 933.3 933.8 939.5 940.9 941.8 944.3 945.2 945.6 945.7 945.9 947.0 948.6 949.1 949.2 951.5 951.6 953.2 955.0 956.5 960.2 961.2 961.4 961.5 962.0 966.9 967.1 971.3 974.3 975.8 976.8 978.1 980.3 984.0 987.5 988.4 988.6 990.8 993.1 993.8 996.1 996.8 996.9 
904.0 904.6 907.2 907.4 907.5 909.0 910.9 912.0 915.1 918.0 918.2 919.9 922.6 925.1 929.0 929.4 935.0 939.1 939.7 941.9 942.3 943.5 946.8 948.6 952.0 952.1 956.0 957.0 957.6 959.0 959.7 960.2 967.0 967.9 972.2 976.2 978.7 980.1 983.5 984.1 985.2 986.5 989.3 991.7 992.5 993.1 994.3 995.0 997.1 997.2 
911.6 913.7 920.7 921.5 923.8 927.1 927.9 928.4 931.7 938.0 940.6 942.8 948.6 950.4 955.2 959.9 966.9 968.4 969.5 973.0 974.0 974.2 978.1 979.7 980.5 999.6 
























900.8 902.0 903.7 907.2 910.2 910.7 912.7 913.3 915.3 915.8 921.0 921.3 924.0 926.7 928.3 928.6 929.9 930.3 932.0 933.8 935.8 937.8 944.2 945.0 945.5 946.4 949.2 949.3 950.6 955.5 959.9 960.4 962.8 964.3 966.8 972.6 973.1 973.4 975.1 976.2 977.0 978.0 980.1 981.6 982.5 984.6 985.3 986.6 988.7 989.5 989.8 990.9 991.6 992.5 993.1 996.3 997.5 998.6 
901.8 902.9 903.0 903.6 905.9 908.5 908.6 909.3 913.7 916.4 918.9 920.3 920.7 924.2 925.0 928.2 931.4 931.6 931.7 933.1 938.0 940.2 942.3 945.6 947.0 947.6 950.0 952.9 955.5 957.8 959.9 962.9 963.2 965.0 965.4 965.5 965.7 966.0 968.4 968.8 969.5 975.8 976.0 977.1 984.2 984.8 987.5 989.4 991.1 992.5 994.8 996.1 998.0 998.4 999.2 999.5 999.7 
902.8 906.5 907.5 909.0 909.1 909.7 910.9 911.0 912.5 912.9 915.1 915.3 916.8 927.3 929.9 930.2 934.1 936.6 939.0 940.4 941.2 941.9 945.7 947.7 948.3 950.2 954.9 955.0 959.5 961.0 964.5 965.0 967.4 968.1 969.3 969.6 970.3 970.4 972.8 974.6 975.4 976.4 977.2 978.2 980.0 983.2 984.4 984.5 985.8 990.5 997.3 999.7 
901.0 993.3 
























900.5 906.2 910.6 912.8 914.0 926.9 929.5 946.4 949.6 949.9 962.9 964.8 965.5 982.6 992.7 997.6 
900.6 901.9 902.2 903.0 905.3 907.2 907.8 908.0 909.8 912.6 913.7 915.5 917.7 919.2 921.2 922.3 922.6 924.1 925.4 928.6 929.2 932.2 932.9 933.3 934.2 941.2 942.0 943.1 945.4 948.0 948.3 957.8 958.2 958.7 959.2 960.1 961.5 963.5 966.2 967.0 968.5 969.1 979.4 979.6 980.7 984.3 984.4 986.8 988.7 989.4 990.1 992.7 993.6 994.4 995.0 995.4 998.0 
905.4 906.7 913.0 927.7 928.4 930.1 932.3 935.8 948.1 955.0 958.4 959.4 961.4 963.5 966.4 971.3 973.4 977.0 977.4 985.8 986.7 988.1 988.4 990.5 998.9 












































