784






























































































































































1902.8 1909.9 1915.7 1920.0 1921.8 1923.5 1928.1 1928.3 1930.8 1933.4 1936.2 1940.0 1941.3 1942.2 1947.7 1952.2 1952.6 1953.7 1953.9 1958.1 1960.1 1961.0 1967.6 1969.7 1969.9 1975.0 1986.4 1990.7 1993.3 1996.4 1997.6 
1906.3 1907.9 1915.1 1917.7 1921.9 1924.7 1925.1 1925.9 1930.3 1938.3 1939.6 1942.4 1948.2 1953.5 1956.9 1961.4 1962.7 1971.5 1983.3 1988.0 

























1996.1 
1902.7 1903.9 1905.5 1906.7 1909.7 1911.7 1912.3 1913.1 1913.2 1913.6 1913.8 1917.7 1918.6 1921.4 1925.0 1925.6 1927.0 1932.2 1938.1 1942.1 1943.6 1946.7 1947.9 1949.8 1950.2 1954.5 1955.3 1957.7 1959.2 1973.4 1973.6 1983.7 1985.1 1990.0 1991.2 1992.8 1994.3 1994.9 1996.7 1999.1 
1900.5 1904.7 1906.3 1917.4 1917.9 1918.8 1927.1 1929.3 1944.0 1946.7 1947.0 1948.4 1956.3 1968.3 1973.6 1973.8 1975.1 1978.4 1979.2 1983.4 1983.8 1984.4 1986.3 1995.6 1998.1 

























1900.2 1903.8 1912.1 1914.6 1930.4 1931.7 1955.1 1977.2 1981.1 1990.3 
1901.1 1901.9 1903.0 1904.3 1908.2 1910.7 1916.7 1918.0 1919.8 1923.5 1927.5 1929.0 1929.5 1931.5 1932.7 1932.8 1933.8 1936.6 1939.0 1940.4 1942.1 1944.5 1945.2 1954.3 1956.1 1957.5 1960.8 1961.8 1964.3 1964.8 1965.3 1968.8 1971.7 1973.6 1973.7 1981.5 1981.7 1984.9 1985.4 1986.2 1986.6 1988.9 1990.4 1992.6 1994.6 1995.3 1996.1 1998.5 1999.3 
1905.1 1909.0 1909.2 1913.5 1924.1 1926.8 1927.1 1928.8 1932.4 1935.4 1937.9 1938.0 1938.4 1938.7 1940.3 1940.4 1943.5 1946.0 1953.9 1960.5 1963.8 1966.2 1968.9 1969.7 1970.2 1980.1 1984.0 1987.7 1992.7 1997.2 

















1904.8 1915.8 1928.3 1956.2 1957.2 1964.3 
1903.7 1906.1 1906.4 1906.9 1907.9 1912.2 1921.6 1923.0 1930.4 1930.6 1933.5 1936.8 1937.5 1937.9 1938.6 1938.7 1940.1 1940.8 1940.9 1942.0 1947.3 1948.1 1958.6 1959.7 1964.0 1966.3 1966.8 1969.6 1992.2 1996.7 
1904.3 1904.9 1921.2 1923.2 1956.3 1973.2 





1906.4 1914.1 1915.9 1919.4 1949.2 1958.2 1967.9 1968.0 1977.1 1983.4 1983.6 1993.4 
1904.6 1905.5 1908.3 1908.7 1908.8 1908.9 1909.4 1909.8 1910.4 1914.6 1915.4 1916.0 1918.5 1919.1 1920.9 1924.2 1927.5 1931.3 1933.2 1935.3 1935.7 1937.0 1937.2 1938.6 1939.4 1939.9 1941.7 1950.0 1950.9 1951.8 1955.1 1956.0 1956.3 1959.6 1959.7 1960.4 1961.0 1961.5 1964.1 1965.1 1965.4 1972.0 1975.6 1980.1 1980.6 1981.0 1986.1 1987.0 1989.0 1989.4 1990.7 1991.1 1991.3 1997.9 1998.0 1998.9 
1901.8 1918.1 1946.6 1951.3 1952.4 1964.8 1969.4 1971.5 1974.8 1976.9 1980.8 1981.5 1987.5 1993.0 1995.3 

















1904.6 1922.9 1929.8 1935.5 1938.1 1941.8 1946.4 1948.9 1956.0 1962.4 1963.1 1964.2 1967.6 1971.5 1974.3 1989.1 1989.6 1992.0 1995.7 1995.9 
1900.1 1900.3 1902.8 1908.1 1911.4 1915.5 1917.9 1918.3 1920.2 1921.9 1925.7 1926.6 1932.6 1935.1 1939.2 1940.4 1941.8 1951.5 1955.6 1955.8 1956.2 1957.8 1959.8 1961.4 1961.7 1964.6 1964.8 1972.3 1972.4 1972.7 1974.1 1975.8 1978.1 1979.2 1981.2 1985.6 1985.8 1986.4 1987.7 1987.9 1992.6 1995.6 1997.5 1998.0 
1900.2 1908.1 1911.2 1916.2 1932.7 1934.4 1959.7 1960.1 1961.1 1980.7 1982.6 1984.3 1988.2 1991.6 1993.2 





1915.8 1927.4 1932.3 1955.4 1959.8 1969.3 1976.7 1988.5 1997.8 
1902.0 1904.2 1911.0 1911.4 1912.8 1913.4 1914.9 1928.6 1928.7 1930.0 1930.2 1936.0 1941.4 1942.9 1944.1 1944.8 1955.0 1955.8 1956.7 1958.7 1958.9 1961.6 1962.6 1962.9 1967.0 1968.5 1969.1 1970.2 1976.4 1981.8 1982.8 1984.2 1985.9 1987.1 1987.3 
1902.8 1910.6 1911.4 1920.2 1920.4 1921.5 1924.7 1931.1 1936.1 1960.9 1968.3 1976.8 1985.4 1991.5 1996.3 

















1901.5 1901.8 1908.3 1913.2 1913.9 1918.4 1921.1 1921.5 1921.8 1925.4 1942.2 1948.0 1948.4 1948.5 1953.6 1958.5 1959.8 1963.6 1964.9 1965.4 1967.3 1968.1 1969.6 1972.1 1972.2 1973.1 1975.9 1983.7 1987.5 1992.6 1992.8 1994.7 1998.3 1999.0 1999.4 1999.8 
1901.0 1902.0 1906.3 1907.2 1908.0 1908.6 1909.7 1910.2 1910.7 1911.8 1914.0 1919.6 1921.2 1921.9 1923.2 1926.1 1928.6 1929.1 1929.6 1930.7 1931.6 1932.4 1932.6 1933.9 1936.6 1937.3 1938.0 1938.8 1939.1 1948.7 1949.7 1950.2 1950.6 1952.2 1952.8 1955.3 1960.7 1960.9 1962.1 1966.1 1967.0 1967.3 1968.6 1969.8 1970.7 1972.9 1974.3 1978.2 1980.3 1981.4 1985.4 1990.1 1994.6 1995.0 1995.1 1997.3 1997.9 1998.0 1999.6 
1900.0 1906.9 1918.1 1919.2 1928.6 1959.5 1965.9 1969.1 1970.6 1985.9 





1903.7 1908.3 1910.5 1913.3 1914.4 1916.3 1916.9 1918.0 1930.1 1932.2 1933.4 1933.6 1935.0 1935.1 1935.6 1936.9 1937.1 1939.4 1939.6 1941.4 1943.2 1943.5 1945.9 1949.6 1950.2 1955.2 1955.5 1957.4 1961.7 1966.3 1968.2 1969.4 1971.6 1974.9 1975.2 1978.7 1979.8 1982.7 1985.9 1988.6 1989.6 1993.4 1994.7 
1902.3 1904.0 1904.5 1905.8 1908.3 1917.0 1917.4 1917.5 1926.1 1931.6 1932.9 1933.7 1934.0 1935.4 1935.9 1940.0 1940.8 1946.2 1949.6 1956.9 1959.2 1963.4 1963.6 1963.7 1965.9 1966.0 1973.5 1979.2 1981.1 1981.4 1982.3 1985.2 1985.8 1986.4 1992.7 1993.8 1998.9 
1951.7 1956.0 
















1988.7 
1904.4 1904.7 1906.4 1909.3 1924.4 1924.5 1924.6 1925.7 1927.7 1927.9 1928.0 1928.2 1928.4 1929.5 1932.6 1933.4 1933.8 1939.4 1941.5 1942.2 1948.2 1950.5 1953.8 1961.2 1963.5 1963.6 1964.3 1966.8 1970.0 1973.7 1976.3 1981.2 1982.1 1982.8 1987.6 1987.8 1990.0 1993.8 1995.8 
1916.1 1916.5 1920.5 1920.9 1925.3 1928.8 1931.9 1933.3 1934.3 1936.2 1937.0 1939.5 1948.6 1951.6 1953.6 1965.4 1970.4 1972.9 1973.0 1977.6 1981.9 1982.8 1983.1 1986.4 1989.9 1990.3 1995.1 1996.1 1998.2 1999.8 
1958.2 





1900.8 1902.8 1903.6 1905.5 1907.2 1908.8 1911.8 1912.3 1912.5 1919.5 1919.7 1920.2 1925.0 1925.3 1925.8 1926.0 1933.2 1935.1 1940.6 1942.9 1944.2 1946.2 1946.5 1951.9 1954.3 1955.8 1963.0 1966.7 1967.0 1968.6 1969.4 1971.3 1975.7 1981.1 1982.2 1984.8 1985.1 1991.0 1994.4 
1903.4 1904.5 1906.1 1908.1 1908.6 1910.7 1914.5 1915.2 1920.1 1920.7 1921.7 1932.2 1932.8 1933.3 1936.0 1936.2 1936.3 1941.0 1941.2 1944.8 1945.4 1945.8 1946.0 1948.5 1953.8 1956.8 1957.4 1957.8 1958.2 1958.7 1959.3 1960.3 1961.1 1961.8 1962.8 1964.7 1968.3 1969.3 1972.2 1974.3 1976.7 1978.2 1978.7 1979.0 1982.4 1984.2 1986.2 1988.7 1992.5 1993.6 1995.0 1995.1 1995.9 1998.6 

















1904.1 1904.8 1931.6 1934.0 1938.2 1939.0 1963.2 1977.3 1981.1 1982.8 1988.0 1991.3 1999.1 1999.6 
1900.2 1902.2 1902.7 1903.3 1905.1 1905.7 1906.3 1907.3 1910.3 1910.5 1912.4 1916.7 1917.7 1918.8 1918.9 1920.5 1920.7 1921.2 1923.8 1924.1 1924.8 1931.9 1932.1 1934.8 1940.6 1942.4 1942.6 1945.9 1947.4 1949.0 1950.7 1951.0 1953.3 1954.3 1959.3 1960.9 1961.5 1961.8 1962.1 1962.8 1967.5 1967.6 1974.5 1977.6 1978.8 1981.7 1981.9 1983.8 1984.5 1986.3 1987.9 1992.7 1995.1 1995.5 1996.6 1998.9 1999.4 
1902.2 1902.3 1903.4 1907.6 1909.0 1914.8 1916.0 1916.6 1917.5 1924.8 1926.0 1926.5 1927.4 1940.8 1954.0 1956.4 1963.6 1969.4 1971.5 





1917.6 1935.3 1966.4 1985.4 
1900.6 1901.2 1902.4 1905.8 1906.3 1909.7 1910.0 1911.5 1915.6 1916.0 1916.9 1921.0 1922.7 1922.9 1923.0 1924.4 1927.2 1928.1 1928.5 1933.2 1935.8 1942.0 1943.1 1948.6 1957.8 1960.3 1962.0 1962.6 1965.0 1968.3 1969.0 1969.9 1971.2 1971.3 1973.6 1975.5 1977.5 1978.4 1981.5 1984.6 1986.3 1988.8 1990.9 1991.4 1993.5 1994.8 1996.4 1996.5 1997.4 1998.1 1998.3 1999.0 1999.8 
1901.8 1902.1 1911.7 1912.6 1914.7 1918.4 1920.6 1921.5 1922.2 1924.0 1924.1 1928.6 1930.9 1932.1 1934.6 1935.0 1941.6 1943.7 1959.9 1965.9 1966.0 1970.9 1973.1 1978.3 1980.5 1986.0 1986.5 1999.0 

















1906.2 1907.2 1915.9 1932.7 1941.9 1946.6 1948.4 1951.7 1959.2 1961.0 1967.6 1967.7 1975.0 1981.1 1982.9 1987.4 1987.6 1996.7 1998.3 1998.7 
1901.4 1903.4 1906.6 1908.2 1910.4 1911.4 1913.7 1914.7 1915.1 1915.2 1915.8 1918.5 1918.9 1920.4 1921.7 1927.8 1934.2 1935.0 1936.0 1940.8 1941.7 1942.7 1945.9 1948.7 1950.5 1950.6 1951.7 1953.1 1954.6 1956.0 1957.7 1959.1 1960.1 1960.4 1960.7 1961.7 1963.1 1967.4 1969.3 1982.5 1983.6 1985.7 1985.9 1989.3 1989.5 1990.5 1993.7 1996.2 1999.9 
1910.4 1915.9 1925.7 1926.1 1932.6 1945.0 1951.4 1973.7 1978.7 1980.2 1995.4 





1902.8 1904.2 1907.2 1908.1 1909.6 1911.3 1911.5 1927.7 1928.0 1931.2 1934.1 1937.5 1943.7 1944.6 1946.4 1947.2 1960.2 1963.7 1963.8 1965.9 1966.3 1967.0 1967.3 1967.7 1972.3 1988.7 1992.0 
1909.3 1914.4 1914.7 1915.5 1915.9 1919.1 1919.4 1919.9 1922.0 1927.3 1929.3 1932.2 1935.9 1940.5 1942.8 1946.2 1948.4 1956.7 1957.1 1958.1 1960.9 1961.3 1963.0 1963.3 1963.9 1966.1 1966.7 1967.3 1972.6 1974.1 1975.5 1982.7 1983.2 1985.4 1987.7 1988.2 1989.2 1989.7 1989.8 1990.6 1992.5 1992.6 1993.2 
1900.3 1900.4 1907.2 1911.7 1914.2 1918.8 1928.8 1933.2 1936.4 1936.7 1942.6 1945.4 1948.4 1948.5 1953.7 1955.2 1955.5 1956.1 1959.5 1978.6 1981.4 1981.7 1992.2 1992.3 1993.9 
















1903.6 1942.5 
1900.4 1902.7 1907.3 1908.2 1909.5 1913.6 1915.6 1916.9 1925.0 1927.7 1928.3 1930.5 1933.2 1939.2 1941.3 1942.2 1943.4 1945.3 1947.9 1950.0 1951.4 1952.3 1956.6 1956.8 1958.9 1959.7 1961.2 1961.9 1966.1 1966.2 1967.7 1968.7 1970.7 1971.2 1972.7 1976.9 1981.3 1982.6 1984.0 1984.5 1987.1 1987.8 1988.1 1989.3 1991.8 1993.5 1994.9 
1900.5 1901.5 1903.6 1906.1 1907.6 1913.2 1914.5 1917.6 1920.3 1923.0 1924.5 1931.5 1932.3 1935.2 1935.6 1938.5 1939.0 1939.8 1946.3 1948.5 1949.1 1952.5 1953.6 1956.6 1958.3 1959.4 1960.1 1962.0 1962.9 1963.3 1968.7 1968.9 1971.9 1976.1 1976.9 1978.0 1979.5 1981.7 1982.4 1983.6 1983.7 1988.3 1990.2 1991.5 1996.0 1996.2 1997.5 
1904.6 1919.2 1926.2 1926.8 1928.5 1947.7 1952.7 1960.3 1963.9 1977.3 1979.0 1981.6 1984.2 1989.2 1989.3 
1901.8 1902.0 1903.9 1907.0 1907.9 1908.1 1912.5 1913.0 1930.0 1957.5 1965.9 1970.6 1976.6 1987.4 1988.0 1994.9 
1907.6 1912.6 1916.9 1917.0 1921.2 1925.1 1925.2 1928.1 1930.0 1936.7 1938.3 1942.6 1946.8 1951.4 1952.6 1953.4 1953.6 1953.9 1954.7 1957.5 1958.4 1959.5 1964.3 1965.6 1968.6 1968.7 1972.4 1976.7 1977.3 1978.3 1984.4 1987.6 1992.2 1992.6 1994.4 1997.7 1999.7 
1900.6 1902.5 1904.4 1910.8 1911.2 1913.4 1915.2 1916.4 1919.4 1920.2 1923.4 1926.9 1929.1 1931.5 1933.9 1935.7 1940.2 1944.5 1945.6 1950.5 1953.4 1955.8 1958.7 1960.7 1966.3 1976.2 1977.4 1978.6 1980.7 1985.1 1985.2 1985.9 1986.4 1992.2 1992.6 1996.3 
1901.6 1903.0 1903.7 1905.9 1906.4 1906.5 1908.5 1910.2 1912.5 1917.7 1918.4 1922.4 1923.0 1925.1 1927.1 1928.2 1930.4 1932.2 1934.2 1935.6 1935.7 1936.5 1936.9 1941.0 1941.4 1943.7 1945.1 1947.4 1947.9 1948.9 1949.9 1950.0 1954.7 1957.1 1961.3 1963.4 1965.9 1967.5 1970.2 1974.7 1977.8 1979.1 1981.2 1982.3 1989.3 1996.2 1999.6 
1900.9 1901.2 1901.3 1902.8 1904.2 1905.0 1905.7 1907.8 1908.3 1911.0 1911.6 1911.9 1913.9 1918.1 1921.9 1922.1 1924.1 1929.0 1929.3 1930.0 1930.3 1932.0 1932.6 1933.3 1933.4 1934.0 1936.1 1941.6 1945.7 1945.8 1946.4 1949.1 1949.4 1950.4 1953.2 1953.6 1954.1 1956.0 1958.7 1965.0 1966.9 1970.4 1972.4 1975.3 1976.3 1977.6 1978.4 1980.4 1983.7 1984.3 1987.2 1988.2 1993.2 1993.4 1994.3 1996.1 1996.4 1997.7 1998.4 1998.8 1999.6 
1901.3 1903.1 1905.1 1906.5 1907.7 1911.4 1913.9 1915.1 1915.2 1915.4 1917.6 1920.2 1922.7 1925.6 1927.3 1928.1 1928.9 1929.3 1934.3 1939.0 1941.5 1942.1 1944.6 1946.0 1946.1 1948.5 1949.1 1953.4 1960.3 1962.5 1966.8 1969.2 1969.5 1970.5 1972.0 1976.1 1977.0 1979.8 1980.8 1982.1 1984.1 1986.4 1988.5 1988.7 1991.1 1991.7 1992.0 1996.2 
1903.6 1910.1 1913.9 1915.8 1916.0 1922.9 1923.1 1925.9 1931.4 1931.8 1932.0 1932.1 1932.4 1933.6 1933.9 1936.2 1937.7 1940.8 1941.0 1942.1 1946.0 1947.6 1948.8 1950.5 1953.5 1956.3 1956.4 1956.5 1957.7 1958.0 1960.2 1962.1 1962.4 1967.0 1967.6 1968.8 1972.3 1976.0 1981.0 1983.0 1984.1 1986.0 1988.7 1991.5 1992.7 1995.2 1995.9 1996.2 
1902.4 1906.7 1912.7 1920.9 1922.7 1931.5 1933.7 1934.5 1948.3 1962.6 1965.4 1967.2 1970.9 1972.7 1975.2 1983.4 1985.8 1986.6 1991.7 1999.9 
















1912.9 1933.3 1950.6 1967.5 
1901.3 1904.1 1910.6 1912.1 1912.2 1914.2 1914.4 1915.7 1916.4 1920.1 1921.3 1921.8 1922.5 1923.3 1929.0 1930.0 1933.4 1934.3 1937.4 1943.0 1943.6 1944.4 1948.1 1948.8 1950.0 1950.8 1951.3 1957.2 1958.3 1960.2 1960.6 1961.0 1962.9 1965.6 1966.3 1966.6 1971.3 1973.5 1975.1 1976.9 1979.8 1984.4 1989.1 1991.4 1992.0 1994.1 1996.8 1997.8 1998.8 1998.9 1999.5 
1902.3 1908.2 1909.1 1910.7 1911.4 1911.7 1912.0 1912.4 1912.9 1915.9 1922.9 1923.3 1928.4 1930.5 1932.2 1932.8 1940.5 1940.9 1941.1 1941.3 1942.1 1943.8 1945.9 1946.5 1949.2 1949.7 1950.0 1951.3 1958.9 1964.6 1968.5 1968.7 1972.0 1973.2 1973.8 1974.9 1976.3 1976.4 1980.0 1980.6 1983.2 1985.9 1988.6 1990.9 1991.6 1992.6 1994.9 1995.5 1997.4 1998.2 1998.9 
1903.9 1905.2 1909.3 1911.6 1914.8 1919.3 1920.0 1920.6 1920.9 1922.8 1924.0 1924.2 1931.2 1931.7 1934.3 1934.6 1939.1 1940.7 1943.0 1948.1 1948.2 1949.7 1950.9 1952.0 1953.9 1958.2 1959.4 1966.3 1966.9 1967.0 1969.7 1970.4 1972.7 1972.9 1976.0 1976.8 1979.0 1979.5 1983.7 1991.9 1992.4 1995.9 1997.0 1998.2 1998.5 1999.8 
1900.5 1902.6 1903.5 1907.0 1911.8 1911.9 1912.5 1912.8 1913.5 1915.3 1917.4 1919.6 1919.9 1920.4 1922.6 1924.5 1926.0 1926.8 1928.2 1929.2 1929.3 1934.5 1934.9 1935.6 1937.0 1938.1 1940.5 1940.8 1946.8 1948.5 1948.8 1958.1 1959.0 1962.4 1963.0 1963.4 1963.8 1964.0 1968.5 1969.1 1975.3 1975.6 1978.5 1979.9 1980.2 1985.0 1985.7 1987.4 1987.6 1987.7 1989.7 1990.0 1996.3 1996.4 1997.9 1998.9 1999.0 
1900.2 1900.7 1904.5 1915.5 1917.5 1918.9 1923.6 1924.3 1925.1 1929.5 1930.0 1931.0 1932.6 1935.1 1936.7 1938.0 1938.1 1941.1 1945.4 1946.9 1948.1 1950.3 1952.3 1952.8 1964.4 1968.7 1969.3 1970.8 1971.9 1972.3 1972.9 1973.4 1975.8 1975.9 1979.1 1980.2 1980.9 1981.5 1982.2 1983.5 1989.0 1989.3 1990.4 1990.7 1991.7 1992.6 
1901.6 1906.5 1914.8 1917.1 1917.4 1918.9 1926.1 1932.0 1942.4 1945.7 1951.4 1951.7 1952.0 1954.0 1954.7 1958.3 1961.7 1965.0 1965.3 1967.3 1972.8 1973.1 1978.2 1979.7 1983.1 1983.8 1988.0 1988.5 1997.6 
1900.7 1908.2 1916.3 1916.7 1918.3 1925.9 1926.4 1927.2 1934.7 1935.9 1936.4 1940.4 1943.8 1947.1 1948.1 1948.6 1950.7 1951.8 1954.9 1962.7 1970.6 1970.7 1972.2 1979.4 1981.7 1982.9 1986.7 1987.4 1992.1 1992.4 1995.8 
1901.5 1904.6 1905.5 1907.2 1910.8 1915.1 1922.2 1923.1 1932.9 1933.4 1942.8 1943.9 1944.1 1944.4 1946.2 1950.2 1950.6 1960.1 1963.9 1973.1 1974.4 1978.6 1980.9 1981.7 1982.2 1987.1 1988.8 1990.4 1994.0 
1902.8 1903.3 1903.7 1904.1 1905.1 1906.5 1906.7 1907.5 1915.0 1915.6 1917.4 1918.8 1921.3 1921.4 1922.5 1925.0 1927.0 1930.4 1932.1 1933.2 1939.4 1940.4 1940.8 1941.9 1942.8 1943.1 1944.9 1949.6 1952.4 1952.6 1954.0 1960.3 1961.7 1962.6 1963.4 1964.0 1965.2 1965.9 1969.6 1972.6 1972.9 1975.1 1976.9 1977.7 1978.7 1982.8 1982.9 1983.5 1984.1 1986.9 1987.7 1988.8 1992.6 1994.1 1994.7 1998.2 
1900.6 1901.5 1902.0 1904.1 1905.6 1906.7 1907.9 1909.5 1910.2 1911.6 1912.1 1916.4 1917.5 1919.3 1920.7 1922.1 1922.3 1926.3 1926.4 1930.7 1933.4 1933.6 1935.5 1937.9 1938.1 1939.5 1939.7 1942.4 1946.2 1946.7 1946.9 1948.6 1949.3 1952.5 1953.0 1954.7 1957.9 1959.3 1960.0 1967.1 1967.3 1969.3 1971.3 1971.4 1971.6 1972.1 1976.1 1979.6 1981.4 1983.5 1983.7 1984.4 1986.0 1987.5 1992.0 1992.7 1994.1 1996.4 1996.6 
1902.8 1904.2 1906.2 1906.4 1907.1 1907.2 1908.4 1915.0 1917.9 1922.1 1926.8 1927.3 1932.2 1933.7 1934.6 1936.4 1944.6 1947.8 1949.0 1951.7 1953.6 1954.3 1955.4 1962.3 1965.0 1970.1 1971.4 1971.8 1974.1 1974.4 1978.3 1979.1 1984.7 1986.5 1987.0 1990.7 1993.1 1994.2 1994.3 1996.1 1996.4 1997.5 1998.1 
1901.8 1902.8 1905.1 1909.4 1917.0 1924.2 1932.7 1934.2 1934.6 1936.3 1937.4 1944.7 1945.9 1949.5 1961.0 1961.6 1977.4 1983.5 1991.4 1993.0 1998.4 1999.9 















1986.0 1986.1 
1905.4 1907.3 1907.5 1911.5 1912.0 1913.0 1913.2 1914.4 1914.9 1915.9 1916.1 1919.5 1924.0 1932.6 1934.2 1937.6 1938.8 1940.7 1943.7 1944.0 1948.4 1955.4 1958.1 1960.6 1961.5 1965.1 1965.2 1966.5 1970.2 1971.0 1975.6 1977.8 1978.8 1987.5 1988.2 
1908.1 1912.9 1913.1 1914.6 1915.1 1925.5 1927.8 1929.3 1929.5 1930.2 1930.9 1931.3 1935.2 1936.0 1938.8 1939.0 1941.1 1941.5 1943.4 1944.4 1947.1 1947.5 1949.7 1954.2 1954.3 1954.6 1957.6 1959.1 1960.5 1961.9 1962.5 1964.3 1966.5 1969.0 1971.7 1971.8 1972.5 1973.8 1974.0 1980.6 1981.0 1982.6 1987.5 1993.4 1993.6 1993.8 1996.2 1998.2 
1906.5 1908.0 1912.0 1927.4 1932.6 1934.5 1938.6 1943.5 1946.8 1956.9 1961.9 1962.7 1975.9 1976.4 1985.9 
1939.0 1942.2 1977.2 




1903.3 1904.8 1905.5 1906.2 1906.5 1907.2 1909.0 1915.0 1918.8 1922.4 1927.6 1931.8 1935.1 1935.4 1936.0 1940.7 1940.9 1941.4 1942.1 1943.9 1949.8 1950.0 1952.3 1952.5 1954.2 1954.7 1958.9 1959.5 1961.1 1966.4 1971.1 1973.9 1974.4 1977.4 1980.8 1983.3 1985.4 1986.6 1986.8 1988.3 1989.5 1990.6 1995.4 1998.3 1999.1 
1900.0 1902.3 1903.8 1907.8 1908.6 1908.9 1909.1 1909.8 1909.9 1910.1 1910.6 1915.9 1922.1 1928.4 1933.6 1933.8 1934.3 1934.5 1937.6 1938.5 1939.2 1944.4 1944.7 1945.1 1948.4 1950.7 1951.4 1951.6 1953.4 1954.7 1957.5 1957.6 1960.4 1960.7 1961.0 1961.9 1963.9 1964.6 1971.2 1972.5 1973.0 1974.3 1978.4 1980.5 1982.0 1985.1 1987.8 1988.1 1989.0 1990.0 1990.1 1991.1 1993.0 1995.2 
1908.1 1910.1 1913.2 1913.8 1914.5 1914.8 1916.2 1916.9 1918.8 1919.1 1924.4 1928.2 1931.2 1935.3 1942.7 1946.8 1948.5 1949.7 1951.1 1951.8 1952.3 1952.5 1955.2 1957.2 1957.7 1957.8 1962.1 1971.5 1973.6 1976.5 1978.3 1984.0 1984.3 1985.2 1987.9 1988.3 1988.6 1989.1 1990.6 1996.4 1997.6 1999.0 
1901.8 1905.0 1907.8 1910.8 1911.3 1915.6 1923.6 1927.0 1927.7 1927.8 1929.6 1932.1 1932.7 1944.3 1948.6 1949.1 1950.0 1951.7 1952.2 1953.8 1955.2 1956.7 1961.4 1962.2 1965.6 1969.3 1969.8 1970.1 1975.4 1975.6 1976.7 1981.5 1985.5 1988.0 1988.3 1990.3 1990.7 1991.4 1994.6 1996.4 
















1966.3 1992.6 1998.5 
1925.3 1955.7 1963.9 1974.3 





1956.0 1987.4 
1901.4 1901.8 1903.0 1903.4 1905.1 1907.9 1917.4 1919.8 1920.1 1921.1 1922.3 1922.7 1929.6 1930.5 1931.1 1932.1 1933.2 1934.3 1937.6 1939.0 1943.2 1945.1 1945.2 1948.1 1949.1 1952.0 1954.8 1959.5 1963.6 1963.7 1969.9 1983.4 1985.1 1985.7 1992.0 
1908.6 1908.8 1911.7 1913.1 1914.5 1917.9 1918.3 1920.6 1927.7 1931.3 1933.9 1934.5 1938.9 1939.6 1939.8 1943.4 1945.7 1948.2 1948.3 1957.0 1958.6 1961.7 1961.8 1963.9 1964.3 1967.9 1974.2 1974.6 1976.4 1978.5 1981.5 1988.3 1990.6 1990.7 1993.3 1994.5 1997.3 
1913.2 1919.6 1922.1 1924.0 1948.5 1952.8 1954.1 1955.7 1958.3 1963.5 1964.0 1996.9 1997.4 
1912.6 1924.9 1948.3 1962.9 1986.6 1998.3 























1900.7 1911.0 1924.1 1928.8 1933.8 1935.2 1942.7 1953.5 1957.6 1958.0 1967.3 1967.8 1970.1 1971.1 1974.3 1978.3 1980.0 1983.0 1991.2 1993.7 1994.8 1999.4 
1900.5 1905.5 1908.4 1912.6 1914.5 1914.9 1915.3 1917.0 1917.6 1919.5 1922.4 1923.0 1924.6 1926.4 1927.0 1933.4 1934.2 1936.4 1937.8 1939.6 1940.2 1940.7 1945.7 1946.0 1948.8 1949.0 1956.2 1956.6 1958.6 1963.1 1968.5 1969.0 1969.4 1970.8 1971.5 1974.3 1977.1 1982.7 1983.7 1987.4 1989.1 1992.2 1992.3 1992.4 1995.6 
1901.4 1904.3 1909.1 1909.2 1909.7 1909.8 1911.5 1914.0 1916.7 1918.8 1926.8 1928.2 1929.9 1935.2 1944.5 1946.6 1952.6 1955.1 1955.8 1956.3 1962.5 1967.3 1969.1 1969.5 1980.1 1991.6 1995.4 1996.9 1998.7 

























1902.1 1906.3 1907.5 1910.3 1917.6 1928.6 1932.2 1932.3 1940.6 1951.6 1953.8 1955.9 1957.1 1961.3 1964.2 1965.0 1968.3 1987.6 
1900.9 1902.0 1903.8 1907.7 1908.1 1909.0 1913.0 1913.3 1913.9 1914.7 1925.6 1929.0 1929.3 1931.1 1931.4 1931.5 1935.2 1936.2 1936.4 1937.8 1939.7 1940.5 1941.3 1944.3 1945.6 1946.3 1947.9 1950.0 1951.3 1952.8 1952.9 1957.2 1957.9 1962.8 1967.2 1968.3 1970.4 1970.8 1970.9 1971.6 1972.0 1978.3 1978.7 1978.8 1982.0 1984.3 1984.6 1985.9 1986.4 1987.4 1988.9 1989.0 1989.6 1991.3 1992.7 1993.4 1993.7 1994.5 1995.5 1995.6 1996.3 1997.9 
1901.4 1924.7 1953.9 1963.2 1966.0 1970.1 1973.3 1980.5 1985.6 1996.2 

























1920.0 1934.4 1937.9 1941.8 1942.4 1948.1 1949.2 1951.9 1955.0 1957.8 1961.5 1968.5 1972.5 1977.1 1977.9 1978.3 1981.2 1983.3 1985.5 1992.9 1993.1 1995.4 
1900.8 1903.2 1904.1 1904.6 1905.7 1905.9 1908.8 1911.3 1912.3 1917.6 1926.0 1928.1 1928.9 1929.3 1931.4 1933.3 1935.6 1936.0 1940.6 1942.3 1952.0 1954.3 1955.4 1957.3 1958.6 1960.6 1961.3 1964.1 1964.2 1965.1 1970.2 1970.8 1974.5 1974.8 1980.1 1980.9 1981.1 1983.6 1985.3 1988.9 1993.6 1994.6 1997.6 1997.7 1997.8 1999.2 1999.3 
1906.5 1920.2 1930.8 1934.7 1938.6 1940.8 1942.9 1954.7 1963.8 1983.2 1996.6 

























1900.4 1900.5 1900.8 1903.9 1923.9 1924.0 1935.7 1938.7 1938.8 1948.0 1948.9 1950.9 1953.1 1958.5 1960.3 1961.7 1966.6 1971.5 1981.8 1988.8 1990.8 1991.3 1993.5 1995.5 1998.7 
1900.4 1904.9 1907.6 1912.7 1914.2 1916.0 1916.8 1928.6 1929.0 1931.8 1932.2 1938.7 1939.0 1940.6 1943.4 1944.2 1944.3 1945.2 1945.8 1946.3 1947.0 1950.8 1951.2 1951.5 1952.3 1957.5 1959.6 1961.7 1964.6 1965.6 1969.1 1970.5 1971.8 1974.5 1978.7 1981.2 1986.0 1988.3 1997.0 1999.2 1999.5 
1908.4 1909.9 1925.0 1925.8 1944.8 1946.5 1951.9 1953.0 1966.3 1969.5 1970.2 1973.8 1974.1 1975.5 1977.6 1983.0 1988.8 1994.7 1996.3 1997.5 

























1900.6 1908.7 1915.0 1916.3 1918.4 1922.2 1930.1 1931.5 1932.1 1932.4 1934.3 1934.6 1936.1 1940.2 1946.5 1949.2 1953.3 1955.7 1956.5 1960.1 1961.2 1963.7 1968.3 1968.4 1972.7 1977.1 1981.4 1989.6 1991.7 1993.1 1994.6 1995.3 
1900.3 1903.5 1903.6 1905.6 1909.9 1910.2 1911.4 1912.8 1914.1 1915.3 1916.2 1916.4 1917.7 1919.1 1921.4 1924.3 1926.4 1928.2 1929.0 1931.6 1934.1 1942.1 1942.2 1942.9 1943.2 1944.0 1947.9 1951.6 1958.1 1961.6 1961.8 1962.9 1969.4 1969.8 1971.5 1974.4 1975.1 1976.8 1977.6 1978.1 1978.9 1979.3 1985.4 1986.2 1989.9 1993.1 1993.8 1996.1 1997.9 1998.3 
1910.2 1917.6 1921.5 1929.2 1932.2 1939.9 1944.5 1950.0 1950.4 1952.9 1961.7 1966.7 1967.4 1979.3 1982.2 1983.0 1988.0 1990.7 1992.4 

























1900.3 1905.1 1906.6 1908.5 1914.8 1918.5 1924.3 1924.7 1932.2 1935.2 1936.9 1939.3 1942.2 1946.7 1948.9 1958.9 1960.6 1963.5 1963.7 1966.9 1969.5 1980.8 1984.7 1985.1 1985.7 1988.5 1989.6 1989.7 1990.7 1992.2 1995.7 1999.0 
1900.6 1901.5 1904.0 1905.0 1905.4 1909.3 1909.4 1909.5 1910.7 1911.2 1911.9 1913.3 1913.6 1915.4 1917.3 1920.9 1921.3 1922.2 1926.0 1928.1 1930.3 1934.7 1936.5 1937.2 1937.8 1940.5 1941.3 1941.5 1942.8 1945.8 1946.2 1947.2 1948.9 1950.0 1956.0 1958.3 1961.6 1963.3 1963.9 1966.1 1966.3 1968.0 1971.6 1974.7 1978.3 1978.8 1979.6 1980.0 1980.3 1986.2 1990.4 1995.8 1999.9 
1906.0 1906.6 1907.1 1910.1 1912.6 1913.4 1916.7 1918.8 1923.2 1928.1 1934.4 1937.0 1939.1 1950.2 1953.5 1957.9 1968.0 1968.9 1969.9 1975.5 1976.4 1989.1 

























1900.2 1900.7 1902.9 1903.0 1903.2 1903.7 1905.2 1911.5 1923.5 1927.2 1937.3 1938.6 1949.0 1952.0 1956.1 1956.5 1958.0 1971.2 1972.0 1974.4 1977.5 1981.8 1983.9 1989.2 1989.7 1993.5 1998.3 1999.4 1999.7 
1903.7 1904.8 1906.9 1908.5 1910.7 1911.0 1913.0 1913.5 1913.6 1917.1 1919.8 1922.4 1928.7 1934.5 1940.6 1944.6 1946.5 1947.9 1949.4 1952.6 1959.0 1964.4 1971.0 1972.6 1981.6 1986.3 1990.0 1994.1 1995.8 1997.2 1997.6 
1911.8 1948.6 1987.0 






























































































