784






























































































100.0 115.3 120.4 124.1 124.8 134.3 137.9 149.3 150.5 151.6 156.6 158.4 162.7 163.0 166.3 167.5 175.9 177.7 185.4 189.4 190.8 191.9 196.1 198.3 198.9 
104.8 106.1 106.3 123.0 123.8 129.6 131.1 136.2 139.2 145.7 146.3 151.6 164.5 165.1 168.0 171.4 172.9 175.6 182.1 183.2 184.8 187.1 199.8 
100.4 101.2 102.4 103.3 104.2 105.0 106.9 111.3 115.0 117.7 118.3 119.7 120.8 124.3 124.9 132.0 133.5 136.7 136.9 139.2 140.2 143.2 143.3 145.6 148.8 148.9 163.6 172.2 172.3 177.0 181.1 183.4 191.8 193.2 199.7 
100.0 101.1 106.6 110.9 111.3 113.5 119.8 120.3 121.4 121.8 122.9 126.4 127.6 127.7 131.8 133.0 136.9 141.1 142.7 143.3 145.4 145.6 147.2 151.3 153.0 157.2 158.6 158.9 159.2 160.1 162.2 162.8 168.8 169.2 170.3 170.5 173.1 174.7 174.8 175.9 181.4 183.7 184.1 184.5 184.8 186.1 186.5 186.9 188.3 189.8 190.0 193.7 195.8 196.0 196.8 
104.9 106.1 109.4 111.8 113.8 119.3 119.7 120.3 121.1 122.3 122.8 128.1 128.2 131.1 131.7 131.9 132.0 134.3 134.5 135.0 137.0 140.9 157.2 161.2 161.4 162.5 171.7 172.0 178.6 180.0 182.3 186.2 187.1 188.1 190.4 191.2 193.9 195.6 195.7 199.1 199.9 
101.0 103.9 114.7 114.8 123.1 129.1 131.0 131.4 133.2 136.7 141.8 142.4 147.6 155.2 158.7 162.0 163.7 163.8 168.6 172.1 177.1 178.6 180.5 182.6 189.3 
105.5 119.4 124.4 133.3 137.5 137.9 138.5 151.1 161.1 165.2 171.3 173.8 174.2 178.7 180.3 187.8 191.4 193.6 196.6 197.9 




















100.5 102.1 103.2 103.6 111.9 119.1 124.2 126.5 132.9 133.0 135.5 138.8 139.5 141.4 142.8 146.2 148.7 150.8 154.7 155.2 158.4 161.6 161.8 166.8 168.3 178.2 179.6 180.0 183.4 185.0 186.2 191.0 192.0 193.4 194.5 195.6 197.3 197.9 199.0 
100.0 101.6 101.8 103.8 105.6 106.9 108.6 109.3 110.9 111.7 111.9 114.1 115.8 116.7 118.9 120.5 121.7 124.4 124.9 125.1 126.0 126.7 127.6 130.2 132.1 133.3 138.0 139.3 139.5 139.7 141.0 144.2 145.0 148.4 150.8 152.1 153.3 154.1 155.7 155.9 156.2 156.4 157.1 158.0 158.3 159.2 161.1 161.6 163.4 170.3 170.9 171.0 172.5 173.2 173.9 174.9 176.3 178.5 182.0 183.3 187.4 190.1 192.8 193.3 196.6 
103.9 104.1 105.0 105.1 111.3 117.2 121.6 130.9 134.2 140.5 144.2 151.2 152.5 152.9 154.0 156.9 157.4 158.5 162.1 162.9 163.2 165.9 166.5 167.1 172.0 172.8 179.7 180.3 180.5 180.8 184.7 188.9 189.8 190.3 192.5 193.5 194.1 199.1 199.4 
101.0 101.4 102.2 103.7 106.0 108.0 112.3 112.4 116.0 116.5 119.2 121.9 123.4 125.2 125.9 126.2 130.7 135.5 138.2 141.8 142.5 144.9 145.6 147.6 148.9 149.9 152.5 153.3 153.5 154.8 155.3 158.5 160.4 160.7 161.1 163.6 164.7 164.9 170.9 174.6 178.2 178.8 179.7 180.1 180.8 181.6 187.1 187.4 187.8 190.2 191.6 193.5 194.0 194.7 195.0 
101.3 106.8 110.7 113.6 113.9 116.2 117.6 119.5 119.6 120.0 122.7 127.7 128.3 132.3 134.6 136.9 137.3 138.1 139.9 143.1 143.6 143.8 147.0 151.2 158.5 164.4 167.7 175.2 175.4 175.9 178.5 178.8 180.0 182.7 187.4 188.2 189.0 190.2 191.1 191.6 192.4 192.8 193.9 195.4 197.2 199.7 
102.6 103.0 104.2 106.3 108.0 110.2 112.9 115.5 116.3 117.6 119.7 121.5 123.7 124.6 125.0 125.2 125.6 126.0 127.4 129.3 129.5 133.3 135.4 135.8 138.3 138.7 140.2 141.1 143.9 144.4 145.8 152.0 153.0 153.8 154.6 158.5 162.7 163.4 165.5 173.4 173.5 175.5 180.4 180.6 182.1 185.2 191.5 192.5 198.3 199.1 
103.5 106.2 106.3 107.8 110.9 113.9 117.4 117.9 118.5 119.1 121.5 122.1 125.1 129.1 129.7 130.2 132.6 133.3 139.0 142.5 143.6 145.7 147.2 147.5 150.2 150.8 152.0 153.1 155.3 156.9 157.5 157.6 158.6 158.9 159.0 159.7 159.8 164.4 166.7 167.5 171.3 172.6 175.2 176.7 178.7 181.5 183.2 183.9 191.0 191.2 192.6 193.3 196.8 197.4 
101.8 102.0 105.4 106.6 108.5 108.7 110.6 114.5 116.1 116.4 116.6 121.7 125.4 126.2 127.9 128.6 129.5 130.1 131.4 133.9 134.6 137.0 137.7 138.4 141.1 141.5 149.0 151.0 151.4 152.3 154.3 162.2 163.7 167.3 170.1 171.6 171.7 173.1 174.0 176.7 179.5 183.9 186.4 187.9 194.9 195.3 196.5 199.0 199.7 
107.4 131.5 172.6 175.9 


















100.3 101.3 103.0 104.4 108.3 110.2 112.5 115.6 116.9 120.2 124.5 125.9 126.2 136.6 136.9 143.9 147.3 147.8 148.0 154.3 154.7 154.9 161.7 163.3 164.4 168.1 169.1 174.0 174.7 175.8 179.9 185.0 188.9 189.8 192.0 
100.2 100.7 101.0 107.1 107.4 109.3 109.5 111.6 111.9 113.4 116.5 121.2 121.4 121.6 122.8 128.9 130.6 131.5 132.3 135.6 137.0 141.6 142.0 146.1 147.5 148.1 150.3 151.5 151.9 152.3 153.1 154.5 155.0 155.1 156.1 156.9 159.1 164.5 166.8 167.9 173.5 179.7 180.3 182.7 183.7 184.0 184.2 185.4 194.5 196.6 197.1 198.1 199.9 
101.7 103.4 103.7 110.3 110.7 112.4 114.6 118.5 120.1 123.7 124.6 128.2 131.2 135.2 137.1 142.2 144.2 145.4 150.9 151.3 152.4 153.9 158.2 158.9 165.1 165.6 165.7 170.9 171.2 174.2 174.9 175.3 175.7 177.0 177.2 178.1 178.2 180.0 181.1 183.3 188.0 188.8 193.5 193.6 194.4 195.4 195.6 198.2 
100.3 102.5 104.3 105.5 105.8 105.9 112.3 112.4 112.5 113.1 114.3 118.7 121.0 121.1 122.3 122.8 131.2 131.9 132.0 138.9 139.5 144.7 145.2 147.4 148.1 148.4 150.3 151.5 154.1 156.3 157.5 163.0 164.2 166.1 166.3 168.9 169.0 174.7 175.5 177.7 179.2 184.2 188.3 188.4 192.2 193.3 196.1 196.3 
108.9 111.0 117.4 123.6 126.8 132.3 137.3 139.7 139.8 140.5 141.1 142.7 149.7 156.7 156.8 165.4 165.5 167.9 173.8 175.5 177.6 186.0 
103.7 108.4 110.0 111.0 117.7 117.9 128.7 136.3 137.0 140.4 143.1 143.7 143.8 146.1 148.2 149.9 157.2 159.0 161.5 161.8 166.7 167.4 167.6 168.8 172.9 173.3 173.4 174.2 181.2 182.8 187.0 187.5 188.9 193.6 194.8 
101.5 103.3 106.9 108.6 110.2 112.2 115.8 116.2 121.0 122.1 125.4 125.9 130.3 131.3 133.9 134.5 136.4 138.9 139.5 140.9 141.2 144.5 147.1 151.1 158.8 159.4 163.5 164.3 180.8 181.3 181.5 185.3 186.5 187.8 194.0 198.9 199.6 
101.7 103.0 105.3 109.9 111.8 115.9 119.5 119.8 121.3 121.9 122.7 123.0 123.1 124.6 125.0 125.1 125.7 126.1 126.6 127.0 131.4 132.2 132.7 132.8 135.1 136.0 138.3 139.1 141.8 145.7 146.0 150.4 151.2 152.7 153.1 157.8 158.5 160.2 160.6 160.8 163.3 164.2 165.7 165.9 167.8 170.5 172.3 173.0 173.3 175.2 179.7 181.8 182.0 183.7 187.7 189.4 190.2 190.5 192.0 196.1 196.8 197.8 198.1 
103.9 104.8 108.6 110.9 113.0 116.2 117.1 117.5 123.0 125.0 126.1 128.3 132.6 136.5 138.2 138.6 140.3 143.7 144.6 147.8 147.9 149.1 149.3 152.0 153.3 154.9 156.3 159.3 159.9 164.7 167.9 169.5 172.0 172.3 172.5 176.4 176.8 177.4 177.5 178.3 179.2 180.2 181.3 182.4 183.8 185.6 187.6 188.4 189.0 192.5 193.2 195.3 195.9 196.4 199.1 199.7 
100.4 112.9 122.9 131.0 133.7 134.5 136.5 143.6 149.1 150.4 150.7 154.7 157.6 161.9 163.1 166.9 168.0 169.1 173.4 176.6 177.1 182.3 189.2 189.6 191.2 193.9 

















106.8 107.9 121.0 133.2 136.5 148.9 152.0 168.3 169.3 190.4 193.2 195.8 199.4 
101.0 103.6 103.8 104.5 104.8 111.1 112.4 114.6 115.6 116.1 116.6 118.6 126.2 128.0 132.4 133.2 133.6 134.0 136.7 141.1 143.9 144.8 145.7 147.0 149.4 153.1 155.8 159.9 162.7 170.0 171.1 172.9 173.4 180.7 181.3 185.6 187.1 187.7 188.3 189.3 189.7 189.9 195.7 196.1 197.8 
101.5 102.9 103.1 104.9 111.9 112.8 113.8 114.7 115.0 121.9 122.7 125.4 125.5 129.1 130.2 138.4 140.2 141.2 141.8 143.7 144.0 146.2 146.5 147.9 148.2 149.3 150.3 150.9 151.2 151.9 154.6 155.2 156.9 159.6 160.3 161.5 161.9 163.0 163.1 163.2 168.9 169.5 172.1 172.2 176.0 177.7 178.6 179.0 181.5 182.8 183.5 184.2 184.4 188.8 189.2 190.6 191.1 193.1 193.4 194.2 194.8 197.2 197.4 
100.4 100.6 103.1 111.5 112.6 113.2 115.1 116.7 117.0 118.5 119.5 120.5 121.2 121.9 123.2 125.8 126.4 127.7 131.4 132.7 135.3 139.8 143.4 144.5 145.3 151.1 162.0 162.6 163.1 167.2 167.4 169.7 172.2 177.1 178.0 182.3 185.1 186.9 188.5 193.0 195.2 195.3 
106.0 111.4 129.0 129.3 151.2 155.6 163.1 180.6 190.5 
102.0 115.3 130.4 152.1 187.2 188.8 


100.9 104.4 105.3 106.1 107.2 107.4 108.1 112.8 117.2 118.0 118.6 121.1 121.5 122.5 123.9 128.6 129.2 130.4 133.4 136.3 138.4 138.6 146.0 147.0 148.3 149.6 158.2 159.5 160.7 161.2 161.8 164.4 169.6 171.3 175.1 176.1 177.4 178.5 181.3 185.1 187.1 190.2 190.6 192.1 196.0 196.6 
100.4 101.5 102.3 104.0 104.6 108.7 109.7 112.5 113.9 115.6 116.4 116.5 117.7 119.8 121.7 121.8 123.3 123.6 130.5 131.3 140.3 144.5 146.7 148.4 153.8 154.2 155.6 157.4 163.9 164.2 165.2 165.4 165.8 166.1 166.2 168.5 170.5 172.3 175.0 178.1 182.0 188.1 192.3 195.3 195.5 195.9 199.0 199.5 199.9 
100.3 100.9 104.4 104.9 107.5 108.4 115.0 115.8 116.2 116.3 117.9 118.1 125.8 134.0 137.3 137.7 139.5 139.8 139.9 142.2 142.5 151.3 151.7 160.0 161.5 164.7 168.5 172.0 177.0 177.7 177.8 179.5 180.2 182.9 183.5 184.1 185.6 194.3 199.8 

















103.5 121.5 125.8 139.0 143.9 155.7 157.2 162.6 168.5 180.4 188.8 193.0 193.4 
103.7 104.0 106.8 109.2 116.1 121.3 122.6 124.0 125.4 128.3 130.8 131.7 135.8 137.5 138.6 138.8 139.0 139.4 141.3 141.7 142.1 143.7 145.4 146.1 149.6 151.9 152.5 154.5 158.5 158.9 159.6 161.1 161.3 167.2 176.6 176.9 177.3 182.5 183.9 184.1 189.7 191.8 192.6 197.9 198.5 198.8 198.9 199.9 
101.8 104.4 111.1 113.2 121.6 121.9 125.4 130.1 133.3 138.2 143.2 143.4 143.6 143.7 144.8 148.5 149.9 150.5 151.5 151.9 153.3 158.2 159.1 162.0 164.8 170.4 174.4 177.6 178.8 182.5 183.9 186.9 187.1 187.5 196.3 
104.7 110.7 130.1 138.1 151.7 171.7 180.6 181.4 187.7 



105.4 107.7 113.9 115.6 116.0 119.3 120.7 122.4 123.9 125.6 126.2 126.6 134.6 140.4 152.7 156.0 164.6 192.1 195.4 198.6 
101.6 102.3 103.6 105.7 106.3 108.8 109.3 110.1 110.4 111.4 112.2 115.1 115.3 118.7 121.9 128.7 130.6 130.7 134.3 137.5 138.8 139.8 142.0 145.8 147.1 147.3 148.2 150.6 154.4 156.2 158.1 158.2 161.4 161.6 169.3 174.4 176.6 180.2 184.4 187.6 194.5 196.3 
108.9 109.6 109.7 110.7 111.2 113.2 118.9 120.3 122.6 123.5 124.1 125.5 125.6 127.3 129.7 133.7 139.2 141.1 141.8 142.7 145.3 145.4 153.8 153.9 159.0 159.7 162.8 162.9 163.6 163.7 170.9 172.4 173.1 174.0 174.5 178.1 184.7 187.0 189.6 191.4 194.5 197.9 
100.2 104.3 116.9 127.4 129.7 130.8 134.6 141.5 148.9 150.0 168.8 169.0 169.5 172.2 173.4 190.8 199.5 


















115.6 139.7 146.2 162.7 169.1 171.8 175.4 182.1 
125.3 162.1 179.4 191.6 194.8 




100.5 101.3 102.0 102.7 106.5 110.4 110.8 115.9 122.2 122.6 124.8 126.9 129.5 131.3 132.6 132.8 134.8 137.7 137.9 138.0 144.0 146.8 148.5 150.1 151.7 151.9 155.8 161.9 162.2 163.3 163.9 165.7 167.9 168.0 171.1 171.6 173.9 174.8 179.4 180.3 180.5 183.4 185.6 187.6 188.2 191.0 193.5 193.6 194.0 
104.3 106.5 108.2 110.2 112.0 116.1 116.5 118.3 123.9 124.2 132.9 134.3 138.6 140.0 143.0 145.6 148.7 149.2 149.4 160.4 164.2 167.0 167.5 169.8 171.3 175.2 176.0 180.0 181.5 186.8 188.0 190.4 190.7 191.2 191.5 192.8 193.6 195.8 197.9 198.5 
105.6 105.7 108.1 108.6 114.3 116.9 121.8 122.5 122.7 123.1 124.5 125.8 126.8 127.3 130.1 130.3 130.9 134.9 135.2 137.0 138.8 139.2 140.9 142.0 142.3 143.1 143.6 146.3 150.5 152.5 158.8 160.8 165.6 165.7 170.9 172.1 173.0 177.4 184.6 189.4 194.2 194.8 199.1 199.8 
117.6 127.4 128.1 139.6 140.9 158.5 164.4 164.7 180.9 184.0 























102.8 103.8 108.7 125.4 137.4 139.6 150.5 152.2 158.0 159.6 160.6 165.8 169.7 181.6 182.5 186.2 197.3 
100.3 101.3 103.2 104.5 105.2 106.9 107.2 107.6 109.4 110.8 114.9 121.1 122.3 125.1 126.7 127.4 129.3 130.3 131.2 132.2 132.6 136.3 138.9 142.6 144.3 145.3 145.9 146.0 148.5 159.3 163.6 165.2 167.7 175.0 175.8 180.1 180.9 181.0 182.0 183.2 184.9 185.3 187.1 189.8 192.9 194.5 196.0 197.1 199.1 
100.4 104.1 104.6 106.6 109.1 112.0 115.0 116.2 116.3 118.2 119.4 123.5 128.1 128.2 132.3 136.0 137.0 143.1 149.5 151.1 153.0 153.8 154.2 156.1 162.0 162.8 165.0 165.3 167.7 169.9 170.5 177.5 179.0 180.6 181.3 183.0 183.1 184.0 184.1 186.0 186.1 187.1 187.9 189.5 193.8 196.5 196.8 
100.9 101.4 104.3 105.7 107.6 107.8 109.5 111.5 115.6 116.7 119.2 120.8 126.2 127.0 134.8 137.3 139.2 139.9 145.4 145.9 146.4 150.7 153.8 156.8 162.2 163.2 165.2 170.0 170.8 173.0 174.2 175.3 178.4 178.5 179.7 182.6 184.2 190.0 191.4 193.1 
101.0 111.1 121.3 147.1 






















100.7 101.2 116.0 120.8 137.0 137.1 137.6 155.7 157.7 157.9 163.2 170.1 185.4 189.5 191.8 194.1 
104.5 110.0 111.2 111.3 118.6 125.7 126.4 127.5 128.8 129.2 129.6 132.5 132.6 135.6 135.8 138.2 139.3 139.6 140.3 142.2 143.1 149.6 154.0 155.3 155.9 156.3 157.2 162.4 163.4 165.8 169.8 171.1 172.5 175.3 175.8 178.5 179.6 179.8 180.6 183.2 184.4 184.5 185.6 186.4 188.1 188.2 188.7 196.6 196.7 198.1 
100.4 102.6 103.8 105.4 111.3 112.2 115.9 116.6 117.9 120.4 122.7 122.8 132.1 134.5 137.6 139.2 139.6 143.7 145.6 147.1 147.8 148.2 148.7 150.8 152.2 152.5 159.0 160.1 160.8 161.1 161.8 162.3 165.0 168.1 169.1 176.5 178.7 179.0 180.0 181.8 185.2 188.7 189.4 190.0 190.5 191.7 193.9 
101.9 107.6 111.6 116.8 120.6 123.6 128.4 138.4 145.0 148.0 149.1 149.2 150.2 151.9 153.4 159.4 160.3 162.4 168.0 169.7 173.5 175.1 178.0 182.8 192.6 195.3 197.7 199.6 
121.9 139.9 144.1 145.2 149.7 155.1 155.3 160.6 161.8 196.2 197.1 198.0 199.7 199.8 























102.5 107.8 120.8 121.6 123.4 124.2 129.7 131.0 134.0 134.5 136.5 136.6 138.4 141.9 146.0 149.1 159.4 163.0 163.6 164.5 167.8 170.8 176.3 176.6 186.6 191.7 193.1 193.7 
101.2 107.6 111.5 113.0 114.2 121.7 123.3 123.8 124.2 125.8 126.2 131.1 131.6 135.3 138.7 139.8 140.1 141.3 143.5 143.6 144.8 145.1 146.8 157.9 158.0 158.9 161.0 163.2 166.1 166.9 169.2 170.2 170.9 176.4 178.4 181.2 182.4 184.2 185.4 185.5 189.4 197.9 199.4 
100.0 100.8 102.9 104.6 105.3 108.4 108.9 113.7 113.9 114.2 116.0 117.4 117.9 119.5 127.5 131.0 133.5 135.0 138.1 140.6 142.4 142.9 146.4 146.6 148.7 149.0 149.9 151.2 152.0 153.5 154.2 154.4 157.7 158.6 162.2 162.6 164.3 164.5 166.0 167.9 168.7 168.9 169.2 172.3 174.0 175.1 175.5 181.0 184.2 188.9 189.2 191.7 192.1 192.5 193.3 
104.4 110.3 111.9 117.0 118.9 124.4 128.1 131.4 131.7 140.3 146.9 147.9 151.4 153.2 153.6 155.1 165.5 166.4 170.4 173.1 175.4 182.7 183.5 190.2 191.7 192.9 198.6 























100.6 113.2 114.6 123.1 123.9 126.8 128.3 141.9 142.0 147.1 150.7 155.5 157.1 157.4 159.1 162.1 169.2 170.4 172.0 174.7 175.7 177.3 177.6 185.9 187.7 189.0 191.1 195.3 
101.3 102.4 103.0 103.7 105.5 110.0 111.4 114.1 115.1 116.3 116.5 118.0 118.2 120.0 120.1 121.5 123.7 127.0 136.2 141.7 142.3 143.6 144.7 153.4 154.4 155.0 157.4 158.2 159.1 159.2 160.6 161.6 162.7 165.3 169.1 169.5 169.6 169.8 172.1 172.8 173.2 179.2 181.3 185.9 186.0 186.8 189.3 191.9 193.6 193.8 194.7 195.4 197.1 198.6 
102.4 109.4 109.9 112.8 121.7 128.1 129.6 130.5 132.6 135.4 136.7 139.3 139.5 146.3 146.7 147.8 149.4 151.7 152.0 154.5 157.4 158.0 158.6 159.1 165.9 166.4 167.6 168.3 168.8 176.6 178.3 180.0 182.0 183.0 183.2 184.4 189.1 194.6 197.2 197.5 198.3 
104.2 104.7 111.8 113.0 118.3 119.3 126.0 127.9 132.8 133.1 137.2 150.0 154.1 156.7 158.1 161.1 161.6 163.6 163.8 164.0 167.4 170.0 171.2 173.8 174.1 174.5 175.1 183.7 185.4 186.9 187.5 187.9 192.1 196.0 196.2 
136.4 185.8 






















126.5 129.3 141.8 149.8 179.6 194.9 
100.3 101.3 104.4 104.9 115.5 116.6 121.4 122.5 123.0 123.6 123.9 127.4 127.7 133.8 136.3 137.8 139.6 140.9 141.0 142.2 142.8 143.7 144.6 145.0 145.3 145.6 148.2 157.5 159.5 161.4 164.8 173.3 176.0 178.6 179.2 179.9 182.2 183.6 189.2 192.7 194.5 198.9 
100.5 103.7 104.8 107.2 108.4 116.8 119.5 123.3 123.5 127.2 130.0 133.4 134.7 138.2 139.1 139.4 139.5 146.5 146.7 148.0 149.0 149.9 152.0 154.8 154.9 156.4 157.2 157.6 163.3 163.7 163.8 167.6 168.3 169.5 169.9 174.8 175.0 184.3 185.9 188.1 189.3 197.6 199.1 
104.3 107.4 108.9 109.4 110.8 110.9 116.2 121.4 122.8 123.2 125.7 126.0 127.6 128.3 129.1 135.5 137.7 139.2 145.9 147.6 149.2 151.8 152.5 155.7 160.9 161.6 162.6 163.1 164.4 166.3 166.5 166.6 168.4 168.9 172.3 172.7 173.5 174.0 174.6 174.8 177.5 181.3 186.6 186.8 187.2 190.5 191.7 191.8 191.9 192.1 194.3 197.4 197.9 199.1 199.3 
151.4 























104.9 108.3 109.4 109.7 111.7 121.7 122.5 124.3 125.9 126.6 127.5 127.8 128.5 134.0 137.7 139.0 139.5 140.4 143.9 145.1 146.7 148.8 149.9 155.7 159.7 167.5 169.0 169.5 170.0 170.1 175.9 176.3 177.5 178.4 180.6 182.0 184.3 186.3 192.1 192.2 193.0 194.7 196.3 196.6 197.3 
101.1 101.7 102.5 102.9 106.8 112.0 113.2 114.4 115.9 116.4 118.1 118.3 119.4 119.8 119.9 123.8 123.9 129.0 134.4 134.9 138.0 138.7 141.3 141.4 142.9 145.6 148.3 150.2 155.2 155.8 155.9 156.3 157.3 158.1 158.9 159.6 162.7 162.9 163.9 164.6 165.6 169.1 170.2 173.3 177.5 178.7 179.5 180.7 184.9 185.8 185.9 186.1 190.0 194.9 197.9 199.4 
103.1 103.2 105.0 105.1 105.2 105.9 106.1 114.1 115.7 118.2 132.2 135.1 135.3 136.7 137.1 139.0 139.8 141.7 142.2 143.1 144.2 145.6 146.6 148.1 149.1 149.5 150.1 161.1 162.1 163.6 169.1 173.3 173.4 178.8 180.0 181.7 183.1 184.7 185.5 186.9 187.1 189.4 190.5 192.2 194.0 195.7 196.2 
102.9 103.1 106.2 121.4 127.2 128.0 132.5 141.1 149.0 152.6 162.8 163.7 166.3 170.0 172.9 174.5 182.3 183.3 185.7 188.5 189.2 197.7 























103.6 105.6 106.0 117.5 128.3 139.5 142.2 151.4 159.3 168.7 170.3 184.4 191.3 194.3 
101.5 102.1 102.3 105.2 105.9 111.0 113.2 114.5 115.1 116.7 119.1 119.3 122.5 126.1 127.6 128.4 130.4 131.7 133.0 133.8 133.9 134.6 136.4 137.3 138.6 139.0 139.6 142.6 147.7 147.8 149.4 149.6 150.3 155.8 156.5 156.6 156.8 158.6 158.7 159.9 161.7 161.9 164.5 168.0 174.8 175.1 175.6 176.9 178.3 180.9 185.6 189.5 192.4 195.0 
111.0 117.7 119.8 120.2 122.4 123.9 124.2 124.6 125.1 125.7 126.0 128.0 132.5 134.0 138.1 138.7 143.5 143.6 144.2 145.9 148.6 149.0 149.9 150.5 151.9 152.5 155.4 156.0 159.0 159.4 162.1 163.1 173.2 175.0 175.1 175.4 177.9 178.1 178.4 179.6 179.9 180.2 183.2 185.0 190.4 191.5 193.2 193.8 196.8 197.3 197.4 198.1 
101.4 111.2 111.4 112.8 113.5 116.0 119.4 121.4 122.2 127.4 130.7 131.0 132.9 134.3 134.6 137.8 140.9 141.5 141.7 145.4 148.4 150.6 152.2 154.8 156.8 159.0 159.3 161.7 164.0 166.8 169.0 170.7 175.1 179.2 182.9 192.0 192.8 
128.6 






















187.4 
100.8 104.5 108.8 111.5 113.1 114.8 118.4 121.7 122.2 122.3 122.5 123.7 124.0 127.0 128.9 147.1 147.2 148.1 148.8 150.1 151.8 152.9 157.2 158.5 161.9 165.0 165.1 165.4 166.4 169.4 174.7 175.6 177.0 178.5 179.0 182.6 183.5 191.3 197.2 199.8 
102.4 108.9 110.4 110.6 118.2 118.4 120.1 121.7 123.6 127.9 129.3 132.4 132.7 133.5 138.1 138.3 139.6 141.0 145.1 147.4 150.8 153.8 155.6 156.7 158.0 159.6 159.9 162.4 163.4 166.9 170.5 171.9 182.0 182.6 185.8 189.9 190.8 192.6 193.5 193.8 194.1 196.1 196.5 
102.5 103.9 104.5 105.1 105.6 105.9 106.2 110.9 113.0 113.8 118.0 120.2 121.8 130.2 133.3 134.0 135.7 135.9 139.3 139.5 139.6 139.9 140.4 140.8 141.6 142.7 146.3 150.0 150.2 150.4 150.6 151.7 153.5 154.9 155.3 156.7 158.1 158.5 161.2 162.2 164.5 165.1 166.9 168.4 168.5 170.2 171.7 172.1 174.5 174.6 177.3 178.7 180.1 181.0 182.0 182.3 186.1 186.3 186.9 190.4 191.7 191.8 193.9 196.9 197.5 198.1 198.6 
100.8 105.5 114.7 115.3 117.8 129.5 134.3 136.1 144.4 146.7 150.5 151.8 155.0 166.6 181.5 186.0 189.0 190.4 192.6 























104.2 104.5 107.0 113.0 121.8 122.4 124.8 137.4 137.5 137.8 140.2 142.6 144.7 148.7 151.4 151.7 156.0 158.2 163.7 164.2 169.1 170.5 172.0 174.6 174.7 176.9 177.7 178.6 183.8 185.2 192.2 195.1 195.9 
102.6 103.0 104.8 106.3 107.8 111.4 116.1 118.0 119.4 121.5 122.4 127.9 129.9 131.3 131.9 133.9 140.2 140.3 143.1 143.3 143.7 143.9 144.7 147.1 148.4 156.3 157.7 158.0 159.0 163.4 165.4 165.9 166.0 166.9 167.8 169.0 169.6 169.8 171.9 172.1 172.9 175.1 179.6 181.4 185.9 187.3 190.7 191.2 194.0 194.6 198.0 198.7 
100.3 101.0 101.1 101.6 101.7 101.9 102.7 103.6 111.4 116.2 116.4 118.0 118.8 119.5 120.4 120.9 124.7 129.3 130.0 132.9 133.0 133.9 136.1 136.2 139.1 139.6 139.9 140.7 140.8 143.9 146.0 148.4 155.5 155.7 156.0 158.0 158.3 159.7 160.7 162.8 164.4 165.9 166.1 169.3 170.2 170.5 180.4 180.7 181.1 199.3 
100.8 103.6 109.1 112.8 118.0 118.2 119.7 126.5 130.1 130.6 138.9 139.0 140.2 150.2 150.6 151.6 156.6 166.8 174.0 178.6 180.8 183.9 184.2 186.6 188.9 190.4 193.1 194.6 
145.6 195.0 























109.6 110.1 112.4 115.6 117.8 118.7 121.1 121.4 127.4 129.5 132.2 133.8 134.0 137.9 138.4 138.7 139.7 139.9 140.4 144.0 145.8 146.0 147.4 147.8 147.9 150.3 151.0 152.2 154.6 157.4 158.1 158.9 159.2 169.8 172.1 173.0 176.6 177.7 178.3 178.6 180.2 181.2 184.9 185.3 187.3 187.5 188.3 189.6 193.9 194.6 195.7 195.9 
103.4 107.2 108.0 109.8 112.4 113.5 114.4 117.3 121.3 122.6 123.8 124.6 125.3 128.4 129.4 129.7 131.8 133.4 134.1 138.9 142.4 143.9 144.6 155.4 156.8 158.5 162.2 162.6 170.7 171.3 171.8 172.0 173.6 175.6 177.2 177.3 178.2 178.4 179.2 180.1 180.7 181.5 183.8 187.0 194.7 
100.9 101.1 104.7 106.2 106.3 106.9 110.1 112.7 115.2 116.3 116.4 116.9 118.7 118.9 120.6 127.8 129.5 132.8 133.8 134.4 135.3 136.0 136.9 137.5 138.7 139.4 140.1 144.5 146.2 146.8 147.2 147.5 150.3 150.8 159.2 159.3 159.8 160.9 161.8 167.0 168.4 171.3 172.1 173.8 174.3 175.2 175.7 180.2 180.9 181.3 182.2 183.3 184.4 186.1 188.5 192.2 199.2 
126.7 138.4 144.4 189.0 194.5 
























101.5 102.4 102.9 103.9 108.8 113.0 113.7 114.2 121.8 122.2 124.0 125.5 132.0 135.1 136.0 139.3 139.5 143.6 143.8 150.8 159.4 162.4 163.2 167.1 168.4 169.5 171.7 172.6 173.1 174.2 177.7 178.9 180.3 183.0 186.1 186.4 187.1 187.4 188.6 197.0 198.2 
101.1 105.5 106.7 107.7 109.8 110.8 117.0 117.8 118.0 121.6 128.2 128.4 129.2 129.7 132.4 133.8 134.3 138.6 141.2 141.6 142.2 148.8 154.5 154.7 154.8 155.5 156.0 161.5 162.7 166.2 168.7 168.8 169.0 172.9 176.1 176.2 176.3 177.0 177.6 178.7 182.3 182.4 182.6 185.6 189.4 189.5 191.0 192.3 198.4 
104.7 105.9 106.8 112.2 112.6 113.1 113.3 114.2 116.3 120.1 120.8 121.2 125.9 126.1 127.5 132.5 133.6 134.0 134.5 137.6 138.8 141.4 142.2 142.5 144.9 146.3 151.9 152.5 155.2 161.5 161.6 162.4 166.5 166.7 167.3 167.9 170.7 171.7 172.0 173.0 175.5 177.6 179.3 182.3 183.8 184.2 187.6 192.1 193.2 195.8 198.9 
110.6 110.9 126.3 166.4 171.8 183.0 191.2 
129.2 180.2 197.2 199.7 
130.0 192.0 
172.4 177.0 179.7 
102.2 104.0 146.6 
100.4 

114.3 164.1 
127.8 134.5 140.8 142.4 
112.3 130.1 137.0 151.4 154.2 
102.4 112.3 115.7 131.3 147.7 153.6 188.5 
103.2 104.2 104.3 104.9 118.9 119.6 119.7 121.9 129.0 130.6 131.0 145.9 155.7 171.9 172.4 175.4 190.3 193.3 198.8 
100.5 105.3 106.2 109.6 112.4 113.7 117.0 119.4 122.1 125.5 126.6 128.2 128.9 137.4 147.8 152.4 154.7 158.2 160.8 164.2 169.4 170.2 173.8 176.9 178.3 178.5 181.2 182.5 192.3 196.3 197.0 197.3 
103.1 105.9 110.9 112.2 119.3 121.8 122.6 128.8 129.4 130.7 131.2 133.1 134.2 138.4 141.6 149.8 150.2 151.0 159.0 161.2 164.3 167.6 168.3 169.1 173.3 178.4 179.2 181.8 190.6 190.9 192.1 194.8 
105.8 106.6 112.0 119.6 120.1 124.2 126.5 128.0 129.4 129.7 130.1 132.0 133.9 134.3 139.5 142.1 142.9 147.3 156.1 156.4 158.3 167.9 168.0 168.8 172.8 178.6 179.2 179.9 182.6 184.7 185.7 188.4 191.3 192.9 195.3 195.8 197.1 










100.6 108.9 112.3 118.4 120.9 121.7 123.7 128.3 131.8 131.9 134.6 135.3 135.4 135.7 136.3 137.7 139.6 141.4 151.5 158.1 165.4 165.6 165.7 169.7 170.5 176.7 182.2 182.7 184.0 185.5 186.4 189.8 190.1 190.5 190.9 191.8 194.0 194.1 194.4 194.8 197.0 197.2 
103.3 106.7 107.4 107.7 109.5 110.2 110.9 114.9 115.5 115.8 116.9 118.0 120.8 124.7 126.3 126.8 127.5 128.0 130.6 139.4 140.2 141.0 142.8 146.7 147.1 150.7 153.1 161.0 161.8 162.6 164.0 164.7 164.9 165.1 167.4 169.1 169.5 171.1 171.6 171.8 174.0 174.5 174.9 175.2 175.7 175.8 176.0 176.5 179.2 180.0 181.1 182.1 188.7 189.1 189.9 191.2 192.9 193.3 197.0 
101.6 107.7 108.8 111.8 112.1 113.6 114.2 115.3 115.5 119.8 120.5 120.8 121.7 124.2 125.8 129.1 129.4 133.1 138.6 142.2 142.5 147.3 150.1 152.0 152.6 156.0 159.6 163.2 163.8 164.6 165.9 169.3 172.4 174.3 174.4 175.6 177.0 179.9 183.7 186.2 188.2 189.7 190.6 191.6 192.9 195.0 199.4 
101.0 114.5 115.7 118.0 118.5 120.0 120.6 122.3 122.7 123.1 125.9 127.1 129.3 129.8 131.1 132.8 135.8 136.5 143.7 147.5 148.0 149.6 150.0 150.1 152.1 160.7 161.4 162.2 163.1 164.2 165.1 170.4 170.5 172.2 175.1 176.7 177.5 180.3 181.6 184.8 187.2 187.5 187.7 189.0 189.3 194.4 196.9 
102.0 103.5 108.0 108.5 109.4 111.5 113.3 115.3 118.2 119.3 121.1 122.1 123.3 124.2 127.3 127.5 128.7 137.0 138.3 138.9 141.0 144.3 144.4 146.0 146.8 149.0 149.2 153.0 153.1 154.3 154.7 155.0 157.2 159.3 160.4 162.1 164.3 168.5 170.1 171.7 175.2 175.8 179.6 181.2 186.5 188.7 189.3 189.6 192.0 193.7 199.2 199.7 
104.3 105.2 107.4 113.2 113.4 114.3 117.2 118.8 122.9 124.5 132.0 134.2 137.1 137.9 141.3 141.4 143.0 144.9 147.4 147.6 151.2 152.5 153.8 154.1 156.8 158.3 158.6 160.0 162.1 163.6 166.1 166.7 168.9 170.5 173.9 177.2 177.5 177.6 180.6 181.2 183.5 183.8 184.0 184.4 185.1 187.1 188.7 189.4 191.4 191.7 193.7 195.4 197.3 198.9 199.1 199.5 
100.1 100.5 100.8 102.6 104.7 108.3 112.5 115.6 115.8 116.5 118.2 120.0 120.2 120.8 121.2 121.4 122.9 132.7 135.2 135.4 137.0 137.6 139.5 141.6 146.2 146.4 151.0 151.1 154.0 160.5 163.8 165.3 165.8 170.4 173.5 174.0 175.2 176.7 179.2 179.5 184.3 184.6 186.4 190.2 190.3 191.1 196.7 197.0 199.1 199.9 
101.1 104.6 107.5 111.6 113.4 114.1 114.6 115.2 115.8 125.1 125.7 128.7 130.9 136.8 138.2 139.4 141.1 142.6 143.1 143.4 144.7 147.1 147.7 148.4 149.6 149.9 153.4 155.9 157.8 158.0 159.6 159.8 161.7 161.9 164.8 167.2 168.8 169.3 173.0 175.4 176.4 180.2 181.9 183.4 184.2 186.1 187.4 188.3 188.5 191.0 191.6 192.8 194.5 194.8 198.0 
100.5 109.1 112.7 114.0 114.7 114.8 116.2 124.4 135.2 136.3 138.2 141.9 143.3 145.8 146.2 147.1 148.2 152.9 153.5 159.3 163.2 165.7 167.1 167.4 168.1 170.8 174.3 175.6 177.8 178.6 180.6 181.3 184.4 184.7 184.9 186.1 187.6 198.0 199.8 
103.1 114.9 118.4 122.3 123.4 124.9 127.2 128.3 128.9 148.2 148.9 157.6 157.9 159.3 161.9 164.7 166.0 166.4 168.7 175.3 179.4 179.6 183.4 187.8 197.3 197.7 198.2 199.2 
100.5 104.5 106.3 106.6 109.1 109.3 111.2 111.5 114.2 116.5 118.3 127.3 129.8 136.1 136.2 136.3 138.0 138.6 145.1 148.8 151.9 152.0 158.4 160.4 164.5 168.6 176.2 180.5 185.1 194.7 
100.2 106.2 110.7 112.1 113.3 114.9 115.1 115.6 116.9 118.4 118.7 119.4 119.5 120.7 121.0 123.3 126.7 127.6 129.8 129.9 131.3 131.7 132.5 133.2 138.2 143.2 143.9 144.6 146.5 146.6 147.7 149.1 149.6 149.9 150.1 154.3 160.8 161.5 164.6 168.5 169.1 172.9 177.3 178.4 182.3 184.8 187.5 188.2 188.5 189.7 189.9 195.4 
100.2 100.6 105.9 108.2 110.7 111.3 112.6 113.0 116.1 116.9 118.1 121.7 122.1 126.1 127.3 128.3 132.2 134.4 139.4 139.5 139.8 143.4 144.4 144.5 146.1 152.1 152.6 156.5 156.8 156.9 157.3 157.6 158.1 159.8 161.7 163.0 164.5 166.1 167.6 171.7 173.7 176.4 179.4 181.5 182.9 185.3 185.8 185.9 188.6 191.8 192.4 193.2 193.7 194.6 195.3 197.2 197.8 199.0 
100.1 101.4 101.5 101.7 102.0 105.7 106.8 109.3 113.4 114.4 118.8 119.1 121.2 122.1 123.4 129.8 135.8 138.2 139.9 145.3 146.3 148.8 149.9 151.6 151.9 154.2 155.5 155.8 158.4 158.9 159.5 160.0 162.7 165.3 165.6 167.6 168.2 170.0 172.5 175.8 176.0 177.7 181.5 181.8 187.1 192.4 193.9 195.2 198.5 199.5 199.6 
101.3 103.0 103.5 107.7 113.1 114.8 117.7 117.9 126.1 126.9 130.5 131.7 134.6 138.6 139.3 140.5 142.9 144.3 151.1 155.0 155.4 156.5 157.4 158.3 161.6 163.6 164.4 165.2 167.1 167.9 169.8 170.4 171.9 172.2 172.5 175.0 176.3 177.0 177.2 179.9 181.3 182.1 185.9 187.1 188.9 191.0 191.2 193.9 196.0 197.3 199.1 
102.5 102.7 109.0 111.6 116.0 116.7 117.0 118.4 119.3 121.1 130.0 132.4 132.8 134.5 136.0 136.8 138.1 141.9 142.7 145.7 146.0 146.7 148.1 152.5 153.4 153.7 157.8 159.2 161.0 161.2 161.7 168.4 169.0 169.6 171.8 176.0 178.9 179.8 180.2 180.9 183.6 186.4 192.0 192.7 193.7 194.5 194.8 195.4 197.8 197.9 
100.5 110.4 113.4 114.8 115.5 117.6 120.5 121.4 121.5 129.7 130.1 132.0 134.2 134.7 141.5 148.6 150.6 150.7 162.0 166.1 166.5 173.9 174.3 175.2 176.2 178.8 183.1 183.2 185.5 191.0 191.4 191.5 199.7 
104.2 106.2 106.7 108.2 108.5 112.0 112.1 112.8 114.4 123.3 129.0 129.8 130.3 130.8 130.9 131.3 133.7 134.0 134.8 135.8 136.2 136.7 138.0 147.5 148.6 150.0 151.8 152.8 158.5 158.6 172.2 175.0 175.2 176.3 177.0 180.3 185.4 185.5 185.9 187.4 189.2 191.0 191.5 193.2 193.6 196.5 197.3 198.6 
108.2 110.8 111.1 112.1 113.7 114.1 124.7 134.1 159.2 163.8 165.4 174.5 182.1 182.3 182.7 184.7 185.9 188.1 188.5 189.6 192.7 









100.2 100.7 102.7 105.4 105.6 107.6 108.4 108.5 109.3 110.2 113.9 114.1 116.3 116.8 121.0 127.5 130.7 131.8 139.4 141.0 144.3 151.9 152.4 153.0 154.4 156.3 156.6 159.6 160.9 162.7 162.9 165.0 167.2 169.3 171.8 179.6 183.5 184.4 187.5 193.5 194.9 
101.0 101.3 106.5 108.2 109.4 113.3 114.9 117.0 121.2 121.7 128.3 137.2 139.6 140.8 144.1 144.6 145.1 149.1 149.9 150.9 152.1 152.2 152.5 156.0 158.0 162.2 162.9 163.4 164.0 164.3 171.9 173.6 174.3 177.1 182.5 182.8 189.9 191.5 192.5 193.0 196.0 
105.5 106.7 108.7 110.9 115.6 116.7 119.2 121.1 122.9 125.0 126.2 128.1 128.3 128.4 136.7 137.2 139.3 139.9 144.5 144.8 146.3 146.9 153.4 154.1 154.2 155.7 156.3 163.1 164.9 166.0 168.8 170.0 170.7 172.8 176.1 177.7 179.0 179.2 180.9 182.0 185.7 190.0 190.9 191.8 191.9 196.0 196.6 197.5 
100.7 103.4 103.8 105.2 106.4 106.7 108.5 108.7 109.0 109.2 109.3 110.4 111.3 112.9 115.3 116.0 117.0 120.4 121.1 123.1 124.1 126.1 126.7 127.7 127.8 128.0 128.4 131.2 131.8 136.9 137.0 142.7 145.0 146.9 149.0 152.4 153.3 153.9 154.5 159.2 159.6 160.4 163.4 167.0 168.1 170.7 171.4 171.6 173.1 176.9 177.6 179.6 182.8 184.7 185.4 186.0 186.2 187.1 187.2 188.4 189.0 189.5 194.3 195.8 197.5 199.6 199.9 
103.3 103.7 104.3 107.8 109.9 110.5 111.7 112.4 114.4 116.7 118.2 120.6 123.7 123.9 124.3 125.7 126.5 127.2 128.0 128.5 129.3 131.3 132.7 134.4 137.2 138.5 146.0 149.8 150.6 152.4 154.1 155.8 156.6 163.2 163.9 172.0 172.3 172.5 175.8 178.3 185.0 189.8 194.1 196.3 198.0 198.7 199.6 
100.6 104.8 106.2 108.8 109.2 115.2 123.8 126.0 128.2 130.0 130.2 131.1 133.1 136.8 142.8 143.6 146.7 146.9 147.1 147.4 148.3 154.0 154.2 154.6 157.4 161.4 162.8 162.9 165.2 172.1 174.2 176.4 176.6 178.2 180.2 182.8 183.1 183.2 183.7 184.8 185.3 186.3 186.5 189.6 190.9 191.1 193.4 195.1 196.0 
100.0 102.9 103.6 104.3 105.7 112.2 112.5 112.7 114.8 118.6 123.2 126.5 128.8 135.6 139.1 139.2 139.9 140.8 142.2 144.8 146.2 151.5 154.0 154.1 154.3 155.8 158.3 159.5 160.9 161.3 164.7 165.0 172.9 176.9 183.0 185.2 186.3 187.5 191.1 192.8 194.6 194.9 196.4 196.7 199.2 
104.9 112.6 112.9 114.7 115.5 116.6 116.8 120.7 120.8 121.0 121.4 124.6 128.2 128.3 132.2 140.2 142.5 144.5 149.6 150.5 154.8 156.3 158.6 161.3 168.7 172.8 176.3 181.7 182.4 184.8 190.7 196.1 196.6 197.7 198.4 
101.1 108.2 108.4 111.5 112.6 114.4 115.4 117.3 118.2 119.7 120.2 121.9 122.9 128.3 128.5 131.0 132.1 132.6 133.8 138.9 142.9 143.0 143.7 145.8 148.1 150.6 150.8 152.9 153.7 155.5 160.4 160.8 161.9 168.7 171.3 176.0 177.4 177.6 178.3 179.2 189.5 190.6 191.1 191.3 191.6 193.5 194.7 195.6 197.2 197.3 
102.4 103.5 104.2 104.7 107.7 107.9 114.8 118.3 118.9 121.5 121.6 122.7 125.5 125.8 127.0 127.1 128.8 129.0 130.2 132.2 133.9 137.2 138.2 138.6 139.1 143.3 144.5 148.5 148.6 149.4 150.1 153.1 153.6 157.0 161.8 162.7 163.4 163.6 168.9 170.0 173.0 177.7 179.6 180.1 180.3 181.9 183.3 186.3 188.1 190.9 193.9 195.7 196.7 197.4 199.7 
103.6 107.1 110.2 116.5 119.0 119.3 124.8 128.8 128.9 130.5 131.1 132.4 147.4 147.8 149.8 152.2 153.5 154.0 160.6 160.9 166.4 166.6 168.4 170.2 172.4 174.4 178.0 182.3 184.7 185.7 192.3 194.0 196.7 197.2 
106.2 112.0 115.3 117.1 118.2 118.6 120.5 122.3 127.2 130.1 132.4 134.1 137.6 138.1 139.0 144.0 144.3 147.2 151.0 151.7 157.5 157.9 158.6 159.5 159.7 161.3 162.1 163.2 168.2 170.8 171.3 174.6 175.0 178.4 181.2 181.5 182.5 185.9 186.3 186.4 187.3 191.7 193.6 194.0 195.8 196.7 
100.2 100.3 102.4 103.2 106.5 107.6 108.6 108.9 109.0 112.8 113.8 116.8 118.5 122.1 122.2 124.5 124.8 125.9 127.3 131.7 132.0 133.7 135.9 137.9 141.7 145.8 148.2 150.7 150.9 152.4 152.7 152.8 153.4 154.7 156.3 161.1 169.7 170.8 174.2 176.5 178.9 179.5 182.3 182.7 186.1 186.4 186.5 188.8 190.2 191.1 194.1 196.3 
100.7 104.9 110.1 111.5 112.2 114.8 114.9 116.0 118.0 120.3 120.6 122.6 124.1 125.2 127.8 130.0 137.7 138.0 139.3 141.1 142.7 143.6 145.6 147.1 149.1 150.7 151.7 152.8 152.9 153.5 155.7 156.3 157.2 157.8 158.8 164.0 164.1 165.8 166.7 169.4 170.3 171.6 174.6 176.0 176.4 176.6 177.3 179.0 181.6 184.2 186.1 187.5 187.7 188.4 189.4 189.8 190.3 190.8 191.3 192.7 193.0 193.6 195.6 196.5 
102.1 111.8 119.1 121.2 124.6 125.2 129.1 132.1 133.1 134.6 135.4 139.9 140.6 143.3 146.6 150.5 154.1 155.5 156.1 156.9 157.5 157.7 157.8 158.8 158.9 159.1 160.0 160.5 167.4 168.4 169.6 170.4 170.5 173.3 174.6 175.6 178.2 179.5 179.7 179.8 181.1 184.6 186.8 187.3 189.7 190.0 190.4 191.2 192.8 194.6 196.9 197.1 197.2 197.4 
100.3 102.8 104.3 108.6 112.6 116.1 116.2 120.3 120.5 121.7 122.0 122.8 124.4 124.7 133.2 134.8 135.0 141.5 143.2 148.2 150.9 154.0 154.4 164.5 165.8 166.0 170.5 170.6 172.1 172.7 180.8 194.7 195.7 195.9 196.5 199.6 
101.7 115.6 117.9 121.9 127.1 128.3 130.4 135.3 141.7 143.1 145.1 146.2 149.5 155.2 179.9 186.0 188.5 188.6 192.6 195.2 197.8 199.9 
104.0 114.3 116.3 119.3 125.2 125.4 126.3 131.6 134.8 141.2 142.9 148.1 150.8 163.9 167.7 168.0 170.6 178.0 178.8 183.4 
114.2 118.2 126.2 139.1 141.8 142.2 144.4 162.1 184.6 195.0 195.1 196.0 










103.6 104.3 108.1 110.4 113.8 123.7 133.4 135.2 141.1 144.1 155.4 156.2 157.0 158.0 171.0 173.8 180.3 181.9 186.0 195.9 196.6 199.1 
104.5 107.0 111.4 113.8 118.5 120.1 130.7 134.7 136.7 143.8 144.4 150.1 151.6 152.6 153.7 162.9 163.3 164.6 165.5 179.8 190.6 191.8 192.4 196.6 198.3 198.6 
107.4 108.6 110.1 116.4 118.1 119.4 121.1 123.5 124.8 127.5 128.2 129.3 132.0 141.8 146.0 150.9 156.1 159.6 161.1 171.1 177.3 178.5 178.8 182.3 184.1 184.7 188.1 190.4 
103.6 104.9 114.5 114.7 117.1 119.8 125.6 136.6 138.6 143.7 144.7 159.0 161.1 168.8 173.0 173.7 179.1 179.6 182.2 186.9 193.4 
103.3 108.3 110.7 112.2 112.6 113.9 114.0 119.8 121.4 125.9 129.9 131.8 134.6 137.0 138.3 139.6 145.5 152.7 160.0 160.2 160.3 162.8 165.0 169.5 171.1 179.9 182.2 186.0 187.3 190.2 193.9 194.9 196.9 198.9 199.9 
101.2 102.2 103.2 103.5 104.3 107.5 107.8 110.4 117.2 122.0 122.5 124.9 125.2 127.7 129.8 130.8 131.8 134.3 135.6 138.2 138.6 138.7 139.9 142.7 147.4 147.7 152.3 158.1 160.0 160.9 162.9 163.0 164.5 166.3 167.2 169.7 171.3 174.4 178.4 180.2 187.8 189.0 190.0 190.8 195.4 195.8 196.7 
101.3 103.9 104.6 106.3 106.7 107.2 107.4 111.2 111.9 114.9 115.1 116.8 119.0 120.8 122.2 124.3 126.2 130.0 140.8 141.5 144.5 145.1 145.9 147.0 151.0 152.9 157.5 158.2 159.1 162.1 167.9 168.0 169.2 176.3 176.9 177.1 180.6 180.7 183.5 185.1 194.1 194.8 198.6 
105.8 107.6 108.4 110.8 113.5 118.1 119.6 122.0 122.1 129.0 131.7 135.6 137.5 139.0 139.2 143.1 144.4 146.3 146.5 149.3 149.7 150.1 151.2 154.4 155.3 160.5 164.6 166.4 167.3 171.2 171.6 172.4 172.7 173.6 175.9 176.4 177.6 177.9 178.4 180.4 181.0 182.5 183.4 188.6 189.2 189.6 189.9 190.8 191.7 192.8 197.1 198.2 198.6 199.5 
108.1 111.9 114.9 116.6 117.0 119.5 122.9 123.8 124.0 130.5 130.9 133.8 136.3 137.3 140.1 140.4 143.2 144.5 145.6 145.8 148.5 148.8 149.8 150.6 151.7 153.1 153.2 155.8 156.0 159.8 163.7 165.2 170.3 174.9 176.1 179.2 182.2 182.7 183.1 189.0 190.0 192.0 192.8 194.7 195.0 
102.4 104.0 107.4 107.7 114.8 115.1 122.8 126.3 132.3 132.5 137.7 139.6 140.3 145.9 146.1 166.3 174.9 178.9 186.5 194.2 199.2 
103.2 108.8 108.9 112.8 124.6 125.6 126.4 130.2 130.7 134.4 139.3 143.1 146.7 146.9 155.7 155.8 171.8 175.7 180.0 180.7 185.4 185.5 189.2 190.9 192.8 195.3 199.3 
113.1 125.3 126.0 126.8 130.1 132.4 148.3 155.7 167.0 171.7 



















































































































































