784




























































































































































501.1 502.9 507.1 510.5 518.8 520.4 525.9 529.9 544.8 552.0 554.5 559.6 583.2 590.1 
500.1 501.0 509.2 511.7 512.2 513.3 517.3 517.8 518.2 518.7 518.9 520.9 530.0 530.8 531.9 533.7 533.8 544.3 544.8 546.9 553.1 554.1 555.6 558.6 559.1 562.6 563.1 567.3 569.5 575.9 581.8 586.1 586.8 589.0 595.8 597.6 599.5 
506.9 508.7 509.2 509.4 516.2 524.3 533.1 533.7 535.6 536.3 536.9 537.6 538.6 540.2 549.0 549.4 559.8 560.4 563.9 568.8 573.4 591.0 592.5 595.0 
























506.4 530.5 536.6 550.7 561.0 564.1 565.9 579.3 
501.0 507.2 508.5 515.1 517.4 521.0 521.5 522.4 522.7 525.4 533.6 534.5 534.6 535.5 538.3 544.5 546.7 548.3 550.3 558.5 559.6 561.8 562.2 563.3 563.9 564.8 567.3 568.4 568.6 569.2 572.0 572.8 574.7 578.9 579.5 586.4 594.6 595.0 598.0 599.0 599.5 
502.5 504.9 505.3 509.2 513.0 513.4 514.4 516.5 522.4 523.5 523.6 524.0 527.0 528.0 532.4 533.1 534.8 536.7 541.0 544.2 546.5 548.5 552.2 553.6 554.4 554.9 555.4 557.3 558.0 559.3 559.7 560.0 561.7 561.9 563.1 564.1 564.8 566.4 568.8 571.6 575.1 576.1 576.2 576.7 577.2 579.9 580.3 580.5 582.1 582.7 583.5 587.7 589.4 590.5 597.1 599.2 599.8 
506.0 506.5 506.6 506.7 507.5 508.3 509.5 514.4 516.5 520.5 522.4 523.5 525.0 525.9 527.3 529.0 531.2 532.0 532.5 533.3 539.6 542.4 546.8 548.1 552.8 558.4 559.2 561.4 563.9 566.1 567.7 569.6 569.8 573.0 574.2 574.9 575.3 577.0 579.2 581.9 582.1 583.5 584.0 590.9 591.0 591.5 597.2 
587.3 























507.0 522.6 528.6 529.0 538.5 539.7 540.8 558.8 559.3 562.0 566.1 579.2 598.2 
501.7 502.7 506.2 508.9 509.2 515.3 515.5 520.1 521.3 521.9 523.9 527.6 529.4 532.6 533.7 535.1 535.4 535.9 544.6 544.9 547.5 550.1 552.3 555.1 556.4 556.8 559.3 559.9 562.9 563.9 564.6 565.9 566.4 568.7 568.8 570.3 573.9 579.8 581.6 583.3 583.5 585.4 589.3 591.2 597.7 
500.4 501.6 503.4 505.0 505.7 505.8 512.8 513.5 514.2 514.8 516.2 516.3 519.1 522.9 523.5 525.0 526.5 526.8 528.5 529.9 530.1 530.7 531.2 531.8 533.6 534.0 537.8 538.0 538.8 539.1 539.9 544.8 549.4 549.7 550.1 553.0 553.8 555.1 557.7 559.3 560.1 561.0 561.2 561.9 565.9 566.8 567.9 569.2 572.0 572.3 573.3 574.1 575.2 576.3 578.0 579.4 581.8 582.1 582.9 592.8 596.4 
506.7 508.7 509.5 510.2 514.6 519.1 524.3 528.2 530.4 534.9 538.9 541.1 541.5 541.6 544.7 553.6 554.9 557.1 565.2 566.2 573.0 574.2 575.1 577.0 585.1 590.2 593.7 593.8 595.7 596.3 598.2 























588.0 
500.2 501.6 502.7 504.3 511.1 515.6 516.8 516.9 518.3 523.6 525.2 527.0 528.1 528.5 528.7 531.1 536.7 537.0 538.4 540.3 543.0 552.2 552.7 555.2 557.6 557.8 558.0 561.6 562.6 562.8 569.9 570.3 570.5 573.2 575.0 577.5 577.9 579.1 583.0 587.3 
501.7 502.8 506.5 508.4 511.1 512.5 512.7 516.6 517.3 520.8 521.0 523.3 527.6 527.8 528.4 529.0 529.1 529.3 529.6 530.4 531.2 533.5 533.7 535.4 537.0 541.3 543.1 543.4 543.9 544.1 545.0 545.1 546.0 551.4 552.3 556.2 557.6 557.9 558.2 558.3 561.8 563.6 563.8 564.1 565.0 565.3 566.1 568.7 570.8 571.0 572.3 575.3 575.9 576.3 581.4 585.6 586.5 586.8 588.3 588.8 589.4 590.9 591.4 591.5 592.1 599.1 599.2 
501.4 501.5 502.9 504.2 504.3 505.0 506.5 507.3 508.0 509.1 512.0 512.1 516.4 522.5 525.5 527.1 527.4 527.9 529.3 531.5 532.6 538.1 538.6 540.3 540.4 543.7 545.7 548.8 552.3 552.6 554.0 556.6 557.3 562.1 562.7 564.4 569.3 570.6 570.9 571.8 574.5 575.1 577.1 578.6 581.4 583.3 583.8 586.4 591.0 591.6 593.0 595.4 595.8 599.1 
505.0 505.7 509.6 512.1 523.4 529.8 530.6 534.9 550.4 552.5 556.9 559.4 562.6 585.3 588.6 597.5 599.1 























522.1 536.7 540.9 548.4 575.5 583.4 591.5 
501.0 505.8 506.4 508.1 508.8 509.3 510.0 512.3 517.0 518.0 518.4 520.0 520.4 522.0 526.9 531.7 541.4 544.3 544.9 545.3 547.1 550.0 552.1 552.6 555.0 559.3 560.1 560.7 567.2 567.9 569.1 570.2 571.0 575.9 578.6 579.7 582.6 582.7 583.9 591.3 592.0 595.3 598.0 
501.5 502.8 512.7 513.3 514.3 516.4 519.3 519.4 521.8 523.1 525.8 526.1 527.9 528.6 532.6 535.9 537.8 538.1 540.0 540.9 547.1 547.3 550.0 550.5 553.5 554.0 555.3 555.5 555.8 556.4 558.5 558.6 561.8 564.0 570.0 571.4 573.3 574.2 575.3 579.8 580.8 582.8 583.7 584.1 587.8 588.1 589.7 592.6 593.6 595.5 599.1 
500.1 500.4 501.7 506.1 506.9 508.5 509.2 510.2 510.5 514.5 515.7 516.1 516.2 517.4 520.1 521.5 522.1 524.4 525.2 527.2 530.2 532.7 533.2 535.2 537.1 537.2 537.5 539.8 539.9 540.5 547.4 547.9 549.3 550.8 551.2 552.7 556.7 557.7 557.9 558.4 563.7 565.6 571.2 573.9 578.5 585.5 589.2 592.0 594.6 595.0 595.5 596.3 599.3 599.7 
























504.7 505.4 505.9 506.7 512.3 513.2 513.3 513.5 517.6 519.9 527.2 527.3 529.3 531.0 535.0 535.8 538.9 541.5 548.5 549.8 552.0 553.4 559.1 562.6 565.4 571.8 579.0 579.1 585.3 590.6 596.7 
500.6 501.7 504.0 504.3 506.2 506.6 507.4 507.6 507.8 509.9 512.3 514.9 516.0 519.4 521.3 521.6 524.3 524.8 531.5 534.3 537.1 539.0 539.4 545.8 549.0 557.6 560.6 562.4 564.4 568.2 570.6 574.8 575.2 576.1 577.6 578.6 580.7 582.5 582.7 584.9 586.5 591.8 592.5 592.8 593.0 596.9 598.1 
500.7 502.3 506.6 507.1 507.3 508.0 510.1 514.2 514.5 515.5 516.1 516.8 517.9 518.7 519.3 519.7 520.6 521.2 522.8 525.8 526.0 526.3 529.4 529.7 530.2 532.6 534.1 547.2 548.2 548.7 552.2 552.6 555.0 561.1 563.3 564.9 566.0 570.8 572.8 573.0 577.6 579.9 582.5 585.8 588.2 595.1 596.1 597.4 
504.8 504.9 507.5 509.6 511.2 511.5 512.8 520.9 521.4 522.5 524.5 527.0 528.0 530.3 534.4 538.1 539.4 542.8 550.1 551.4 551.6 553.7 554.1 559.1 560.8 561.8 564.6 566.0 566.9 574.5 576.4 580.5 583.7 590.4 
























503.0 505.6 506.2 509.8 512.8 514.0 520.3 521.9 522.5 524.2 524.3 524.4 525.7 528.5 530.9 532.3 533.9 536.2 541.1 544.1 546.5 546.9 550.5 553.3 553.5 558.2 572.2 573.3 573.8 575.8 577.3 584.8 589.3 589.8 593.3 594.0 595.0 597.3 
501.7 502.1 502.9 504.7 504.9 507.7 510.2 512.1 513.2 513.6 514.0 515.0 516.3 517.8 520.4 520.6 521.2 526.7 527.4 527.9 532.4 532.9 533.3 535.7 537.1 537.3 537.9 538.7 539.3 540.1 546.8 548.9 551.8 552.3 559.2 559.5 564.6 564.9 565.7 566.6 568.3 569.1 569.2 573.8 577.7 578.9 580.9 581.7 583.4 586.2 587.1 588.3 588.5 590.4 591.4 594.1 594.3 596.7 597.0 598.8 599.1 599.6 
501.8 502.3 504.3 504.5 506.6 510.5 511.6 512.0 513.0 514.8 515.9 517.3 518.6 521.1 522.5 533.4 534.5 535.2 538.0 543.5 543.7 544.1 546.2 555.6 555.9 558.6 559.7 560.8 561.6 563.1 564.9 567.4 567.8 574.1 577.0 578.2 579.1 582.4 584.8 585.6 586.0 586.7 587.1 587.4 588.6 590.7 593.6 594.2 596.3 596.5 596.6 
506.0 516.3 518.9 526.2 527.8 535.7 555.7 572.8 583.5 























511.7 516.5 522.3 528.7 549.5 561.4 569.2 570.6 591.2 599.5 
502.1 502.2 505.4 507.8 508.1 508.5 512.0 512.6 515.4 516.1 518.5 518.6 518.9 524.3 526.8 527.3 528.0 530.5 534.5 536.2 539.4 540.6 540.8 541.0 541.8 543.9 547.6 551.0 562.0 564.0 565.1 567.6 568.4 568.7 569.2 570.8 577.0 578.0 578.7 578.8 579.0 586.6 587.2 587.3 589.2 593.0 595.2 597.3 599.9 
500.9 503.9 504.0 504.8 505.5 506.5 514.6 514.7 515.7 516.5 523.6 526.7 530.6 532.8 535.0 536.4 537.2 540.9 541.7 543.3 544.1 546.6 548.2 550.3 552.0 553.9 556.3 556.5 559.3 560.8 561.8 562.3 562.8 565.1 565.6 566.0 567.4 570.0 574.5 574.6 578.7 579.2 584.1 584.8 588.6 591.5 595.4 598.4 
500.5 502.0 504.2 504.9 506.5 506.8 507.4 507.7 511.3 511.4 512.5 517.2 524.2 525.0 532.1 534.2 536.3 539.7 543.0 543.9 546.1 551.8 556.4 563.9 564.3 565.7 567.1 568.7 568.9 573.8 579.0 583.2 587.4 590.4 593.9 597.2 
























500.5 511.3 514.1 516.9 519.4 519.6 525.6 535.0 538.9 543.3 543.5 553.3 561.4 565.9 569.8 574.2 575.4 581.9 585.8 586.6 588.5 
504.3 504.5 504.6 506.2 506.7 507.2 507.3 508.8 513.5 519.3 519.7 523.2 526.5 526.9 528.5 529.8 530.1 532.7 534.8 539.7 539.9 540.0 543.6 546.6 547.5 554.7 555.0 556.0 558.8 563.4 574.0 575.0 580.2 581.1 583.6 587.2 587.8 588.0 590.6 590.9 591.0 592.1 593.0 593.6 597.4 597.8 599.1 
500.5 502.5 512.2 513.5 516.2 517.4 523.9 524.9 525.5 528.8 531.4 541.6 542.1 543.9 544.6 550.3 551.1 558.2 559.5 560.4 563.6 567.6 568.6 569.6 573.3 573.5 575.0 577.6 578.4 581.6 581.8 582.0 585.3 585.9 587.2 589.6 589.7 593.3 594.5 596.1 596.4 
502.0 506.5 519.7 524.2 526.7 545.4 545.5 549.8 552.1 553.4 556.1 557.9 562.9 565.6 572.4 576.5 576.8 579.6 593.5 597.3 
























500.2 501.8 506.7 511.2 513.9 520.3 520.6 532.1 535.3 536.2 544.7 546.0 546.7 547.6 552.6 553.2 553.6 554.7 556.9 562.0 562.9 571.6 572.0 574.3 574.5 582.6 585.5 587.7 588.3 590.8 592.6 595.4 598.1 
500.8 507.2 509.1 509.7 510.3 511.1 511.7 513.1 513.4 515.4 516.6 518.0 518.5 519.6 521.4 521.7 522.8 525.2 529.0 534.0 535.9 537.0 539.2 544.3 545.5 547.2 548.4 550.1 551.6 553.6 555.9 563.0 563.7 565.7 570.2 571.0 571.9 572.2 575.6 576.0 578.0 578.9 581.0 581.3 582.3 584.6 586.6 587.2 587.7 589.2 591.6 591.9 592.0 599.3 
504.2 505.4 506.1 513.3 523.1 525.4 529.4 536.3 539.3 540.1 544.1 544.8 546.0 547.8 560.9 562.2 566.0 568.1 575.8 576.7 577.3 578.0 583.0 584.1 594.3 596.1 598.4 598.9 
508.8 516.8 521.3 532.4 587.5 596.8 























514.7 515.6 533.4 533.9 536.7 563.4 572.4 572.9 589.3 597.7 599.3 
500.5 501.4 501.7 505.5 506.3 507.1 508.8 514.9 516.7 517.3 519.4 519.6 520.1 522.0 522.1 522.4 525.9 526.0 532.5 538.8 541.0 542.3 550.2 552.0 554.1 555.0 555.6 558.3 558.6 559.6 560.1 561.8 562.4 563.6 563.8 566.7 568.0 569.6 571.2 572.6 573.0 573.5 574.6 581.6 582.0 582.6 584.1 585.1 585.2 585.4 587.7 588.3 590.4 590.6 596.1 599.6 
506.3 506.4 508.5 508.6 510.1 512.5 516.7 516.8 518.7 524.1 524.7 527.0 528.4 530.8 532.4 533.1 533.6 533.8 535.3 535.7 539.1 541.7 542.6 543.8 547.8 556.4 557.7 558.6 559.8 564.0 565.8 566.8 567.4 573.2 574.3 575.7 579.0 579.2 579.9 580.3 580.4 581.6 582.5 583.2 589.7 590.2 592.3 593.0 593.1 595.8 596.8 597.7 598.0 598.1 
502.1 502.2 507.2 509.8 511.6 516.6 519.4 524.1 525.8 526.1 526.9 528.6 529.5 530.4 531.9 534.0 536.1 539.0 540.2 543.5 544.7 545.0 545.6 547.7 550.7 555.5 555.6 561.4 565.3 565.7 566.2 567.6 568.3 576.2 576.3 578.5 579.6 582.3 583.1 583.3 585.6 588.7 590.5 591.5 596.5 597.2 598.8 
























501.4 528.9 533.0 539.3 540.0 542.0 544.9 545.5 558.4 561.5 570.9 576.1 591.1 592.2 593.7 
503.4 509.1 509.5 515.3 520.2 520.7 524.1 525.6 527.0 527.4 531.3 534.1 534.3 540.9 542.8 548.1 548.8 549.7 551.6 552.7 553.7 555.3 563.8 563.9 564.9 571.1 571.9 573.3 574.8 575.2 576.0 578.6 580.4 582.3 585.9 586.8 590.7 590.9 596.0 
500.1 500.3 505.3 507.0 507.4 510.6 513.0 513.3 515.7 515.9 517.7 519.1 520.6 524.1 524.5 526.1 526.5 527.0 533.2 535.4 536.1 537.7 538.4 544.1 547.9 549.1 552.0 553.7 560.0 563.4 563.8 564.4 565.6 566.9 567.3 570.4 571.1 571.5 571.9 574.2 582.7 587.6 588.4 591.1 593.2 593.3 597.1 
504.1 506.1 510.2 512.3 516.9 518.4 520.7 521.0 521.1 521.2 521.5 524.6 525.6 527.6 527.7 535.0 540.3 541.1 547.3 549.1 564.4 568.5 574.6 576.8 578.4 581.7 583.3 585.7 589.7 594.1 595.0 
























500.8 500.9 503.0 503.5 507.3 511.8 517.9 518.3 523.1 524.1 527.0 529.0 533.3 535.8 541.5 551.7 554.5 557.5 559.3 561.8 564.7 567.7 570.2 573.9 574.8 580.2 582.1 582.2 587.7 588.6 589.6 592.5 
500.4 501.7 505.4 506.5 508.7 511.0 516.7 517.4 517.8 518.2 518.5 521.3 521.8 523.6 526.6 531.3 532.6 538.5 542.5 544.3 544.5 545.7 548.5 551.9 556.2 557.1 557.9 558.8 559.1 562.0 565.4 565.9 566.9 567.3 569.2 571.5 575.1 576.5 582.9 583.7 587.9 589.9 590.5 593.3 596.2 596.8 596.9 597.0 598.1 
502.5 503.5 504.3 504.7 505.6 506.7 507.2 511.4 514.7 516.3 520.0 527.7 528.3 529.1 531.3 531.8 533.7 534.4 537.8 538.0 539.9 540.2 542.7 546.0 546.8 547.3 548.5 550.5 552.0 552.7 553.5 553.7 555.9 562.0 562.5 563.2 565.2 567.3 568.1 568.2 569.0 569.6 573.9 575.4 578.1 579.4 579.7 585.4 588.5 589.1 597.3 598.8 
500.5 505.0 522.8 544.3 574.5 577.1 























506.6 519.8 540.6 541.3 589.4 595.5 
506.7 507.0 507.1 514.1 516.4 517.0 517.8 523.9 526.7 529.5 530.2 536.8 538.5 539.4 539.5 542.5 545.3 547.5 547.7 548.3 549.0 550.1 552.3 552.6 553.4 553.6 560.3 561.6 562.4 562.8 567.3 573.1 575.4 575.7 576.1 576.9 577.0 577.2 578.9 580.6 582.5 584.9 585.9 586.1 587.1 594.4 596.4 596.5 596.7 597.8 597.9 
501.8 501.9 503.3 504.0 504.9 507.9 510.6 511.3 514.2 515.7 516.8 520.4 526.9 527.5 528.7 529.7 529.8 531.3 531.4 533.8 536.2 536.3 536.5 538.7 539.0 544.6 547.6 553.2 561.0 561.8 564.3 564.9 571.3 572.8 573.0 576.0 578.6 579.3 582.2 585.6 586.0 590.9 597.4 
502.0 502.4 503.8 505.7 507.2 511.3 511.8 512.9 513.1 513.7 515.1 517.3 523.6 524.7 525.7 530.2 534.1 534.3 534.5 537.3 537.9 539.1 539.4 543.3 546.6 548.4 548.5 548.9 550.5 551.3 552.2 552.9 561.5 574.2 579.1 586.2 586.6 591.3 591.8 594.7 598.5 
























511.5 515.3 523.8 523.9 525.1 528.7 564.2 566.3 567.2 568.0 568.9 575.4 583.9 590.6 595.2 596.7 
500.3 501.0 503.0 505.4 506.2 510.7 513.4 514.3 515.9 519.7 523.9 525.7 527.7 528.6 531.0 534.4 535.9 536.8 536.9 538.9 540.1 541.2 541.9 544.2 549.2 551.0 552.5 554.0 557.8 559.9 564.9 565.0 565.7 566.9 568.3 568.4 574.3 577.6 582.6 584.0 584.5 587.2 593.0 597.5 
502.0 502.2 503.8 504.4 506.7 508.4 508.5 509.5 510.1 513.1 515.8 526.3 527.4 535.4 536.6 538.6 541.1 544.9 545.1 545.3 546.2 552.8 554.9 560.6 561.6 562.2 564.4 564.6 564.8 565.8 572.4 573.0 573.9 577.2 577.8 582.7 584.8 587.3 588.2 588.9 591.1 591.8 594.7 597.1 599.4 
501.3 502.1 511.2 515.6 521.7 526.4 527.0 527.4 528.2 528.8 529.7 535.6 538.1 539.6 540.8 543.9 546.1 546.5 550.0 556.8 557.3 559.5 559.8 560.2 564.3 565.8 578.0 578.1 583.6 589.3 590.7 591.2 593.4 
























502.0 502.9 505.5 516.4 517.1 518.1 518.9 523.0 527.1 532.4 533.0 539.6 542.9 547.1 553.1 556.2 557.6 563.2 568.2 574.2 575.6 580.1 581.6 587.0 591.1 597.9 
501.1 507.5 510.0 510.8 510.9 515.6 515.9 516.2 519.9 522.4 522.8 524.4 527.1 528.4 531.6 535.3 539.9 540.4 540.6 543.2 543.9 544.4 548.0 550.1 551.2 552.4 553.6 554.3 561.5 562.5 563.0 563.1 566.6 568.2 568.9 571.5 572.2 572.6 574.6 574.9 575.0 575.4 576.0 577.3 578.2 580.9 586.8 587.6 592.7 593.2 597.3 597.4 
502.7 503.8 504.8 506.9 507.7 511.5 512.9 513.7 514.6 514.8 515.1 519.7 521.3 522.6 526.2 526.5 526.8 533.3 533.7 534.1 536.0 537.4 537.5 538.3 542.9 546.4 550.2 552.4 552.8 553.6 554.2 554.7 556.7 557.0 557.3 557.9 558.4 559.8 561.5 561.6 562.3 564.8 567.7 568.1 571.3 574.2 574.4 578.3 578.9 579.7 583.2 583.3 583.8 587.1 588.7 589.8 590.9 591.8 592.5 593.8 594.6 596.3 597.9 599.3 
528.8 544.0 555.4 563.9 
























502.7 506.1 507.1 511.5 512.8 514.0 515.6 516.2 516.5 521.1 523.7 526.9 528.8 532.7 541.3 547.0 549.5 553.4 554.3 555.9 558.7 559.1 562.3 562.4 562.6 563.0 568.3 571.1 576.0 580.9 589.2 591.0 595.5 599.8 
502.0 503.0 503.3 504.1 505.3 510.0 512.2 516.8 516.9 520.2 522.4 522.8 525.5 528.7 530.2 531.3 539.4 544.1 548.6 548.7 553.6 553.8 555.0 555.9 558.5 559.0 559.6 562.2 563.7 565.4 566.7 568.6 571.0 571.9 573.4 580.6 586.2 587.9 589.1 590.4 591.3 593.0 594.0 594.7 595.7 597.6 597.7 598.4 
500.2 501.7 503.8 505.5 512.8 515.7 516.6 523.7 524.1 525.1 525.4 529.2 532.2 532.7 539.4 546.8 548.1 549.1 551.7 552.0 552.7 556.1 558.8 567.8 569.4 573.2 580.1 581.2 591.9 592.4 592.9 593.6 594.6 599.9 
556.5 
























502.8 503.2 506.6 509.4 510.9 511.1 512.3 512.6 513.7 518.5 520.8 521.5 524.1 524.2 526.5 528.6 529.3 530.0 531.9 532.5 534.4 545.7 547.6 554.1 556.7 557.2 558.0 558.6 558.7 561.4 564.5 570.2 571.2 571.8 576.2 581.1 582.3 583.1 584.4 585.9 588.7 590.7 593.4 595.7 596.7 599.8 
506.9 510.7 512.5 513.7 515.1 515.7 517.2 520.9 523.9 530.5 532.0 533.6 534.4 535.4 535.8 536.1 536.7 538.8 540.3 545.2 553.0 553.1 554.7 555.4 557.0 557.1 557.3 560.2 560.3 562.6 563.4 563.5 568.2 570.6 571.1 573.0 574.3 576.4 582.7 583.0 584.6 593.0 594.7 599.0 599.2 599.4 
500.5 501.1 502.5 508.2 509.6 510.6 511.1 520.4 522.6 524.8 533.1 533.8 534.2 536.0 539.4 541.6 541.7 542.9 549.4 554.2 555.3 560.0 564.6 565.0 565.7 570.1 573.4 573.6 573.8 574.6 575.0 578.8 580.4 581.7 587.4 590.9 592.4 
























599.3 
500.2 508.4 510.3 510.8 510.9 520.2 525.4 525.9 527.7 528.0 528.4 532.1 534.9 545.6 545.8 548.6 553.0 554.2 557.6 558.2 562.4 566.2 567.4 567.9 568.6 572.7 583.0 586.2 592.5 598.7 599.1 
501.0 502.3 503.3 505.1 506.1 507.2 507.4 509.6 511.7 512.3 512.5 514.2 520.0 524.4 525.6 530.3 530.9 536.6 538.5 538.9 539.5 541.4 545.8 546.7 548.8 548.9 550.5 551.0 556.3 559.2 559.3 560.6 561.9 562.1 562.4 565.5 566.4 568.3 571.0 571.2 572.8 575.4 576.2 579.3 582.9 583.0 585.2 587.0 593.0 596.5 596.7 598.8 
506.4 511.3 511.6 513.3 519.6 520.8 521.4 524.9 530.4 535.4 538.5 540.7 543.8 544.6 544.8 550.9 551.1 557.5 562.3 565.8 568.4 569.4 569.6 571.9 572.8 575.9 580.8 593.1 595.6 597.3 598.7 

























532.8 561.1 572.9 593.5 
500.8 502.9 505.0 505.8 506.5 508.9 510.3 511.8 512.0 518.8 518.9 520.0 522.1 522.3 523.5 524.9 526.5 526.7 532.9 533.4 534.8 538.8 541.1 543.8 543.9 556.5 558.2 560.6 562.1 562.6 565.1 565.3 571.5 573.1 573.6 576.8 577.9 580.6 581.3 587.9 588.1 597.9 598.3 
501.1 511.5 518.8 529.5 552.1 555.4 561.7 563.0 563.5 572.6 581.4 590.2 590.9 596.3 


































































































