784




























































































































308.6 321.7 349.1 
302.7 305.1 309.8 311.2 316.6 317.0 318.7 324.3 324.5 327.1 333.1 334.5 342.3 343.7 345.6 348.9 350.7 352.8 356.3 361.8 364.9 365.0 369.6 371.3 373.6 375.4 389.4 392.1 392.3 394.1 398.4 
300.3 300.5 302.3 304.6 305.3 306.0 307.1 308.2 308.9 311.3 312.0 314.4 314.8 315.5 316.5 318.5 321.1 321.2 322.3 322.4 324.3 327.5 328.2 329.7 330.0 333.6 334.7 338.3 339.1 342.8 343.6 345.4 348.4 350.4 350.8 352.5 360.1 362.3 363.9 364.7 369.2 369.4 369.8 371.8 372.4 373.2 375.0 376.3 376.6 378.8 380.9 390.2 392.2 395.0 396.3 396.6 398.7 398.8 
302.1 304.7 307.3 312.3 313.9 316.8 317.0 318.2 320.0 321.5 322.6 323.0 330.0 330.3 332.0 333.8 336.7 336.9 337.1 348.2 349.3 357.2 358.0 358.1 359.2 360.1 363.8 364.3 365.1 365.8 366.8 367.8 369.3 371.5 371.6 373.7 375.2 378.7 382.9 385.3 385.4 385.7 387.7 392.8 393.2 396.7 397.2 397.9 
300.5 353.9 357.4 358.6 361.2 























310.5 322.4 348.5 348.6 354.6 374.7 383.5 385.0 
301.2 303.2 303.4 304.0 304.9 305.9 306.2 307.9 308.3 308.9 311.1 311.2 314.0 317.0 317.2 317.3 327.0 328.2 329.4 330.3 330.6 331.0 331.9 332.3 334.7 338.2 339.6 340.3 340.4 340.5 347.0 352.2 353.8 359.7 360.7 362.6 363.5 364.3 365.6 368.3 372.3 373.1 375.4 375.7 377.0 378.3 378.8 381.3 384.4 387.0 387.6 389.2 392.7 393.0 399.5 
300.2 300.9 301.2 303.0 303.6 305.4 305.7 306.3 307.3 307.8 308.7 308.8 311.1 313.7 320.8 322.5 322.6 325.8 329.0 329.1 334.7 337.6 338.2 340.9 342.4 353.0 353.3 355.9 359.2 360.4 364.4 365.6 368.1 371.1 378.9 379.8 383.0 383.3 384.2 384.3 385.6 386.1 387.6 391.3 399.5 399.6 
304.9 311.0 313.4 313.6 316.3 318.6 318.8 320.8 322.0 322.5 328.6 328.8 329.2 330.7 331.9 337.4 338.4 341.2 341.8 344.2 348.2 348.3 350.8 356.4 357.7 359.0 359.8 371.2 374.8 377.2 377.4 380.3 381.1 381.2 383.2 384.8 391.0 391.1 393.0 394.7 395.4 396.3 398.7 
306.7 324.4 325.0 325.8 332.1 335.7 336.6 339.5 340.3 342.7 348.2 354.5 358.3 365.4 365.7 369.7 370.3 372.6 379.8 






















320.2 333.6 339.6 372.9 
300.8 307.9 316.3 317.6 319.5 324.7 327.4 328.1 328.6 332.0 333.5 339.3 339.9 345.7 346.4 350.8 351.0 351.6 352.7 353.2 358.5 358.7 359.5 362.7 363.7 365.0 370.0 370.9 377.4 378.5 382.6 383.0 387.2 387.7 388.1 388.4 389.0 391.8 396.2 
301.9 304.6 306.2 307.4 309.2 312.7 313.9 314.1 314.3 315.4 315.8 317.2 319.2 320.6 325.0 325.8 327.3 330.6 332.1 336.3 341.0 341.2 341.4 342.4 343.4 344.2 345.0 345.2 347.0 347.6 350.8 351.7 353.1 355.6 356.3 360.2 361.7 368.8 369.3 373.1 376.8 378.5 380.1 380.8 381.3 382.7 382.9 384.5 391.4 393.4 
301.3 301.5 302.0 309.0 309.6 310.1 312.8 313.9 316.3 318.6 324.1 329.3 329.4 330.6 334.5 335.2 338.0 338.3 338.5 342.2 342.3 343.6 347.7 350.1 350.5 354.8 355.3 357.4 358.1 359.0 360.5 361.3 367.1 368.9 372.8 382.9 383.8 385.1 385.4 389.1 389.6 394.7 395.1 396.7 397.7 
301.9 302.1 302.7 304.6 306.7 307.8 313.1 315.4 319.6 321.1 323.9 325.1 325.9 327.5 327.7 328.5 331.5 334.2 334.5 334.7 336.0 337.4 338.6 343.0 346.6 347.8 348.8 350.6 350.9 352.4 355.7 357.7 357.8 358.2 358.9 363.2 363.5 364.7 365.0 365.5 367.2 368.0 368.5 370.7 374.7 376.9 379.1 380.4 381.4 382.1 382.4 382.6 388.3 388.6 391.3 392.8 393.4 396.9 398.8 
300.4 300.9 301.4 304.7 306.7 309.4 318.6 326.2 331.1 335.0 337.5 337.7 342.5 354.8 366.0 371.1 376.1 385.2 385.4 397.6 





















311.3 312.0 314.7 323.3 327.1 329.6 332.6 333.4 337.4 352.7 357.6 364.0 368.1 373.9 391.3 392.8 394.2 394.8 
301.7 305.3 308.4 311.8 311.9 312.7 318.6 319.9 320.5 327.1 327.8 328.9 329.5 339.1 340.6 342.7 343.2 344.1 350.8 351.8 352.0 352.3 353.4 355.6 356.0 357.8 360.4 360.5 362.1 362.2 363.7 365.1 366.7 370.6 371.5 375.3 380.4 384.5 385.8 388.8 389.9 390.5 395.3 395.8 397.8 398.0 399.9 
305.4 309.9 319.7 320.5 326.3 330.5 338.0 338.8 338.9 340.1 342.4 343.3 344.0 345.7 349.1 349.7 350.5 351.1 351.3 353.8 354.1 354.7 356.2 356.5 357.8 359.5 359.7 360.1 360.5 361.7 362.4 363.8 363.9 365.5 367.9 368.2 368.5 370.9 372.2 373.0 374.0 374.6 376.3 383.2 384.4 386.5 387.3 388.2 389.5 389.9 390.4 391.9 394.8 395.0 398.2 
300.8 303.1 304.5 306.6 308.9 311.8 314.3 316.1 317.4 319.5 320.5 323.5 326.7 327.7 338.0 338.7 340.9 349.4 353.4 354.5 355.5 356.5 374.1 376.9 379.1 380.4 381.1 381.8 383.0 383.6 385.2 386.5 387.7 388.6 394.1 395.2 398.2 
301.1 302.7 305.4 305.7 306.0 306.2 313.3 313.5 315.9 317.5 318.5 318.8 320.8 322.5 323.4 326.2 326.4 326.7 327.7 328.7 329.5 332.4 336.9 337.6 339.9 344.0 347.1 353.4 360.1 362.0 363.4 363.8 367.9 368.6 369.1 371.5 372.0 373.2 373.4 373.5 374.8 375.5 375.6 377.4 378.1 378.7 379.0 385.6 391.8 392.7 394.7 394.8 397.1 
300.2 303.5 306.1 306.5 306.6 310.4 316.3 316.6 318.1 319.2 319.7 320.5 321.0 326.9 327.8 328.8 330.3 331.3 332.4 335.4 336.3 336.5 337.9 338.3 339.7 340.5 340.7 342.5 343.4 344.9 345.0 345.9 346.1 350.4 353.2 353.9 354.8 355.3 355.7 357.0 359.1 359.2 362.0 362.9 364.0 364.2 364.3 368.2 368.6 369.2 372.1 373.0 373.1 376.8 377.0 379.3 379.7 380.0 381.1 385.2 386.5 386.6 389.8 391.1 394.6 394.9 395.3 396.3 397.1 
302.3 305.7 308.7 310.8 311.1 314.0 315.4 323.7 324.5 330.8 332.9 334.7 335.9 339.0 343.6 344.8 346.6 347.8 350.1 351.1 360.1 362.1 362.7 364.6 370.0 370.6 370.8 377.0 377.3 381.0 383.8 385.0 389.3 
300.3 301.0 302.0 305.9 306.6 306.8 307.9 308.9 309.8 311.1 319.7 321.6 322.9 323.8 333.1 336.4 337.0 340.2 344.5 347.8 354.2 360.3 361.7 361.9 364.5 369.0 370.7 378.4 379.3 388.0 391.7 396.1 397.4 
311.2 312.9 341.3 343.5 345.2 349.4 361.2 365.1 368.7 397.6 



















302.4 302.5 302.7 302.8 303.2 306.6 307.0 308.1 312.1 312.8 313.1 314.7 315.5 320.0 320.9 323.4 324.4 325.2 327.4 329.0 330.1 331.6 331.8 336.3 337.6 343.2 349.5 350.5 350.7 351.7 354.4 363.4 364.4 366.3 369.0 369.2 370.6 371.6 371.9 374.1 380.8 381.8 384.3 392.2 392.5 393.3 397.1 399.1 399.7 399.9 
300.3 304.0 304.3 305.9 307.3 313.7 314.0 314.6 320.9 322.7 324.3 324.4 329.1 331.0 334.3 336.6 338.7 339.8 342.7 343.8 350.2 350.4 350.6 351.4 352.4 355.8 356.8 358.6 359.7 363.7 363.9 367.9 369.0 371.0 371.5 373.7 374.9 376.5 378.3 380.3 380.4 382.3 383.2 385.7 386.9 387.6 389.1 392.0 394.5 396.2 399.1 
301.9 304.8 305.8 306.5 308.3 308.7 310.8 312.1 313.9 316.7 317.6 318.2 318.3 318.4 322.0 325.1 326.8 328.1 330.5 330.6 331.9 332.3 332.7 333.1 333.7 336.5 336.7 337.2 344.8 345.0 346.3 347.7 348.9 353.4 353.7 354.3 357.4 358.1 358.8 358.9 364.6 366.6 367.4 367.8 369.6 379.4 380.7 384.9 385.9 387.8 389.2 392.0 392.2 392.7 394.5 397.2 397.3 
300.0 300.4 301.3 305.1 307.9 310.1 315.1 315.2 317.7 318.5 319.2 321.1 333.1 333.4 335.2 335.4 337.8 341.3 342.9 343.1 343.8 344.0 348.2 352.6 354.0 355.4 355.9 356.1 356.4 356.7 357.9 363.4 364.8 372.7 373.6 373.9 374.8 376.3 376.4 377.7 378.3 381.8 383.5 383.9 384.8 386.5 391.3 391.7 392.7 394.3 396.3 399.8 
302.3 303.3 304.1 305.3 307.0 310.0 312.9 316.1 317.6 318.7 319.8 322.9 335.2 337.0 338.4 341.9 342.9 344.8 345.1 347.0 350.6 351.0 352.8 353.7 354.0 354.3 358.4 358.5 361.2 363.7 364.1 364.3 367.9 371.2 372.8 373.8 374.7 374.8 375.3 377.8 379.8 380.7 385.5 385.6 386.1 389.7 393.0 393.8 395.5 395.6 397.0 397.7 397.8 398.7 
301.6 303.7 304.2 306.7 310.5 310.7 311.4 311.5 312.8 320.5 323.3 324.7 325.0 325.7 329.7 331.1 331.2 335.0 336.3 336.4 338.1 339.1 344.6 349.8 354.9 355.9 359.5 360.7 360.8 366.6 368.5 370.7 371.5 372.6 372.7 373.8 374.0 376.8 377.4 382.7 385.2 387.0 391.3 393.2 393.8 
302.1 303.7 306.2 307.5 311.8 312.0 318.3 319.0 321.5 323.4 323.7 330.2 330.8 332.3 333.8 335.5 336.0 336.5 337.1 338.4 338.7 339.2 342.9 343.3 345.6 346.6 346.8 348.8 349.0 350.9 351.7 352.1 352.3 355.9 356.2 361.6 365.7 370.6 376.6 378.8 385.1 389.7 393.4 394.8 395.6 397.4 398.6 
300.9 303.5 303.8 314.4 315.6 315.8 317.8 318.7 322.1 324.7 329.8 330.4 332.1 334.5 334.8 335.4 338.3 338.6 339.3 341.5 344.8 349.0 349.6 349.9 351.9 353.1 353.8 357.1 357.8 357.9 358.9 359.3 359.8 361.0 361.4 362.0 362.1 363.1 369.6 369.7 371.4 372.4 372.5 372.7 374.4 376.5 377.4 377.9 378.6 382.4 383.5 385.6 386.9 387.6 388.1 391.6 392.9 393.1 393.8 394.1 394.3 399.2 399.5 
300.0 302.7 304.9 306.3 306.4 310.6 312.7 314.0 314.5 316.4 317.3 321.8 322.2 323.1 323.6 325.0 326.0 332.0 333.6 333.8 335.2 335.3 335.5 336.5 338.2 341.4 343.4 344.6 345.3 353.3 355.6 356.6 358.1 358.4 359.4 362.2 362.3 362.7 367.6 369.0 369.6 372.4 373.0 375.3 376.8 377.3 378.3 378.8 384.5 385.9 386.7 388.7 390.4 391.2 392.0 396.0 397.8 398.3 
309.2 314.7 337.0 379.3 385.5 389.2 

















306.7 310.8 314.3 315.3 316.2 319.8 321.8 324.8 328.5 329.5 330.1 331.0 332.7 335.4 335.7 339.3 340.8 344.6 345.8 347.5 357.1 357.2 360.7 366.6 369.5 373.5 373.7 374.5 381.9 384.6 386.4 388.3 389.6 391.6 393.7 393.9 394.4 396.1 397.5 398.3 
304.1 305.0 307.3 311.1 311.2 313.6 314.8 315.2 316.1 319.8 321.8 326.4 332.0 335.0 335.2 335.8 336.0 339.4 347.7 348.2 349.8 350.3 357.5 360.0 361.8 363.3 363.6 363.7 364.1 367.2 367.8 368.0 369.3 370.3 370.6 375.6 375.8 376.7 380.2 382.3 383.5 386.4 386.8 395.0 397.3 399.3 399.9 
300.0 300.7 302.2 306.5 306.9 307.5 308.9 317.0 318.8 321.9 322.2 322.3 325.6 336.3 342.5 345.7 347.2 349.3 352.4 364.4 364.8 367.0 369.5 372.1 375.2 379.5 379.6 382.9 384.6 385.8 387.3 389.8 390.4 390.8 391.7 392.4 397.3 398.8 399.3 
300.3 301.2 301.6 307.4 309.1 309.5 313.7 313.9 319.1 321.7 322.7 323.3 327.5 328.4 329.4 331.9 333.6 337.2 337.7 338.0 338.9 347.7 352.4 362.0 368.0 368.1 368.8 369.1 373.3 373.6 377.9 380.7 381.1 381.6 383.5 384.0 385.2 387.0 387.3 387.5 391.1 391.6 392.2 392.6 396.1 397.3 397.5 398.0 
302.9 304.7 304.9 306.3 308.1 314.3 315.1 315.7 317.2 317.6 318.7 318.8 320.8 321.1 324.3 324.6 325.8 325.9 326.7 328.7 331.3 334.7 339.8 339.9 341.2 347.8 348.6 354.6 359.0 359.9 362.1 366.0 373.3 374.7 377.8 378.5 381.8 383.3 383.7 386.8 397.1 397.7 398.5 
300.8 300.9 301.0 301.4 305.6 308.3 308.6 309.9 313.1 314.1 316.2 318.1 322.4 325.7 326.0 326.2 329.1 329.4 329.6 331.6 334.2 337.0 337.3 341.8 343.4 344.1 345.5 347.1 347.4 347.5 350.6 353.0 359.1 363.0 366.2 368.6 371.7 375.7 376.1 377.3 379.0 381.3 384.0 388.6 390.0 390.2 391.0 395.6 397.0 
300.4 300.6 302.0 303.7 304.1 304.5 308.7 309.0 309.3 311.5 317.0 319.3 325.1 328.6 329.3 330.3 331.1 333.4 334.0 337.1 342.4 348.7 348.9 350.1 355.9 360.2 365.7 367.3 369.3 370.0 375.1 375.6 382.3 382.8 390.8 391.8 394.4 
302.9 304.8 305.1 305.5 305.7 308.9 311.0 311.8 323.3 325.2 325.7 326.0 327.9 329.1 329.2 332.5 334.8 339.1 340.1 344.5 346.6 350.2 351.6 351.7 352.2 353.2 356.3 356.6 356.8 358.0 361.6 365.5 369.7 369.8 372.6 373.4 375.8 376.0 376.7 377.6 377.9 381.0 382.6 388.1 390.6 392.4 393.9 395.3 396.1 396.4 399.2 
306.7 308.1 309.7 310.4 310.8 311.4 316.0 316.9 317.0 318.2 319.4 323.7 324.5 327.6 331.9 332.0 333.8 334.0 337.0 337.4 337.8 347.7 350.3 351.1 357.1 358.0 359.4 362.0 367.4 369.8 372.6 373.4 376.7 377.9 379.6 380.7 384.1 385.8 389.7 389.9 391.1 394.9 397.5 397.7 398.3 398.4 398.7 
300.8 302.0 305.1 307.9 311.4 312.7 313.1 315.7 315.8 316.9 318.3 320.2 321.2 323.9 325.8 329.7 331.6 331.7 333.0 334.6 335.2 335.7 336.7 337.2 337.5 337.6 337.7 337.9 341.8 342.9 347.9 348.1 349.2 349.5 352.1 352.4 352.5 354.9 356.5 357.2 357.8 358.4 359.6 360.7 360.8 365.5 369.2 373.3 374.0 377.1 378.0 379.3 386.7 391.5 392.5 393.9 396.3 398.4 399.7 
301.1 305.9 307.7 310.4 310.7 311.6 313.1 315.4 318.9 319.8 321.1 325.0 326.5 326.8 327.1 327.3 329.7 330.8 331.2 332.1 334.2 334.4 334.7 335.1 335.6 337.8 340.8 341.2 343.0 346.7 348.3 354.1 357.5 360.0 361.7 366.7 367.7 368.4 368.6 368.9 370.1 371.1 373.2 373.3 373.6 377.4 378.8 379.1 382.2 383.0 386.0 386.6 386.7 386.9 387.8 393.2 393.4 398.4 
















303.9 329.2 334.5 355.1 356.8 359.1 362.7 369.7 382.7 386.7 387.7 
300.0 300.5 302.3 303.6 304.0 306.4 309.7 310.3 312.9 313.5 314.0 314.4 322.1 323.3 323.4 330.7 331.8 332.1 332.3 334.3 335.5 337.9 339.7 340.0 340.6 341.0 342.2 348.3 350.2 352.4 353.3 353.4 354.0 354.7 356.8 356.9 357.6 358.0 360.8 364.9 368.9 370.6 370.9 375.2 377.3 381.1 384.6 385.1 386.2 395.7 396.9 399.2 
308.7 309.3 312.5 314.3 317.1 318.7 319.2 321.2 328.6 332.1 333.5 333.9 335.2 337.2 341.6 341.8 344.0 346.9 350.7 354.1 362.0 362.2 364.9 367.4 369.0 369.8 370.6 371.1 373.0 373.7 378.1 378.9 383.8 385.4 392.5 397.1 397.2 397.3 
301.6 302.9 303.1 307.4 313.2 315.2 315.6 318.7 320.4 322.6 325.3 325.4 326.6 327.1 328.2 330.4 331.0 331.1 335.0 337.5 338.1 340.9 348.0 350.7 351.5 352.0 352.2 354.8 358.3 363.4 365.9 368.5 370.4 371.0 372.3 372.8 375.8 377.8 380.7 383.5 384.8 385.9 393.8 394.6 397.2 398.5 398.6 
300.1 300.5 307.0 311.4 313.6 317.7 318.0 318.4 323.6 323.9 326.2 326.7 326.8 326.9 327.9 329.8 333.8 337.7 338.7 338.9 339.3 339.4 339.8 340.0 342.4 343.8 345.6 347.3 347.4 352.1 352.4 354.9 355.8 356.2 356.5 357.3 359.4 367.1 367.3 370.3 370.4 372.3 373.1 381.3 387.3 390.1 390.8 391.9 392.8 393.4 
300.2 303.6 305.6 305.7 306.0 306.9 309.1 312.7 317.8 319.8 321.1 333.6 334.4 335.4 336.5 338.0 339.2 340.7 342.5 343.9 344.2 346.5 348.9 349.5 352.3 352.9 353.4 354.4 355.4 356.6 363.2 365.5 365.7 369.4 369.9 374.0 374.8 375.1 375.4 383.3 384.7 390.6 392.0 394.9 
312.2 314.5 317.3 319.8 322.9 331.4 332.0 332.3 333.4 334.2 346.1 347.4 351.1 356.5 361.2 367.8 368.1 378.8 390.0 394.3 398.2 
307.5 310.3 336.5 339.1 341.2 345.6 346.5 347.9 353.1 355.4 366.7 378.9 379.3 380.5 390.8 392.8 395.6 
320.4 339.5 343.2 355.4 360.0 396.6 398.3 
303.8 304.7 309.2 310.0 314.6 315.9 320.9 329.6 330.2 333.1 341.4 342.9 348.4 356.6 363.1 372.3 372.6 380.0 383.1 385.4 394.9 396.7 
301.6 301.9 304.2 304.3 305.3 305.9 308.9 310.3 310.9 315.6 316.7 316.9 322.6 326.8 327.3 327.4 327.9 328.9 329.1 330.5 330.8 333.9 334.0 334.4 334.9 337.8 338.7 339.1 339.4 344.0 344.1 344.7 350.9 352.8 353.6 353.8 354.2 362.1 363.9 370.3 371.3 374.3 375.9 376.3 377.3 381.3 382.2 382.5 382.7 383.2 385.3 388.9 391.3 394.0 399.0 
300.0 307.2 308.1 308.2 311.7 312.8 322.2 325.6 330.1 330.3 332.9 333.5 335.3 338.2 339.0 344.9 347.0 349.3 350.8 353.6 357.3 357.8 359.1 359.3 361.5 362.3 362.6 364.1 364.4 365.1 367.8 367.9 372.9 374.4 375.6 376.3 378.0 384.2 386.5 389.2 389.4 392.7 397.0 398.5 399.2 
305.4 320.4 320.8 333.1 342.1 353.4 354.1 356.9 357.9 358.6 367.9 368.3 369.8 373.4 380.6 384.0 390.3 395.0 395.1 397.6 399.0 














308.4 317.3 324.8 338.5 344.6 360.5 380.5 388.3 396.6 
301.5 303.6 303.7 304.5 305.4 306.3 312.0 312.5 313.3 314.8 316.0 319.4 323.4 328.7 330.7 332.3 334.2 336.6 337.7 338.3 341.0 341.2 344.4 345.3 351.7 355.5 358.9 361.2 361.6 362.6 368.7 369.2 372.2 374.2 374.3 377.0 379.7 387.3 394.7 395.0 
301.9 302.4 303.4 304.1 305.2 307.8 311.2 311.3 315.5 320.0 320.8 322.3 322.8 324.5 326.5 326.8 326.9 327.5 328.2 329.8 332.6 340.1 341.6 344.4 345.3 346.1 346.3 348.0 348.5 351.4 353.1 353.2 354.0 356.3 356.9 359.9 367.9 370.1 371.2 371.4 372.6 376.4 377.7 381.0 381.6 386.5 387.0 389.2 390.3 390.9 392.2 393.2 393.4 
301.5 301.7 302.0 302.3 302.7 303.9 304.5 305.3 306.8 310.8 312.7 317.5 318.7 322.5 322.6 327.8 327.9 333.1 334.7 335.5 336.2 347.5 347.9 348.3 349.8 354.5 355.1 355.6 359.5 360.3 361.3 365.4 370.7 373.3 375.5 377.1 383.5 384.0 384.3 384.6 384.8 385.9 387.6 388.3 388.5 388.9 390.6 391.6 393.9 395.1 
302.0 309.6 310.0 310.2 310.3 310.7 311.3 316.7 316.8 317.9 318.5 318.9 323.2 323.4 327.2 330.5 338.0 342.2 345.3 346.4 346.5 346.7 348.5 355.8 356.6 361.4 362.6 363.2 369.4 370.6 375.3 378.5 380.7 382.9 384.3 384.8 386.5 390.5 393.2 393.9 394.7 396.2 396.4 398.8 
301.2 302.1 303.2 304.5 309.0 309.1 317.5 321.4 321.7 323.0 324.9 325.8 326.2 328.0 332.5 335.8 337.1 337.3 341.9 347.0 347.1 347.5 347.7 349.5 350.7 351.1 353.7 354.1 354.3 356.6 357.1 357.5 359.2 359.4 359.9 363.8 365.4 366.4 367.1 368.2 369.6 374.4 377.4 380.0 381.8 382.7 382.8 385.3 386.2 387.2 387.4 391.7 396.1 398.4 399.5 
304.1 304.7 307.1 307.7 313.4 320.9 329.7 329.8 335.1 335.9 337.9 341.4 345.0 345.6 353.2 354.1 362.1 365.3 365.4 369.1 377.0 377.6 387.1 388.8 390.2 392.3 398.1 
307.0 


317.4 330.0 350.2 368.2 379.1 389.6 
302.7 303.7 305.9 307.3 311.5 319.9 320.6 321.1 322.7 324.1 325.2 327.9 332.3 333.2 336.8 339.1 339.2 339.6 341.4 342.0 342.6 343.6 344.9 345.1 347.2 350.0 351.2 353.3 355.4 355.6 358.2 360.0 360.8 364.2 372.6 378.5 381.1 386.3 389.8 393.9 394.5 395.7 396.5 397.8 
300.6 300.7 301.9 302.5 306.1 314.1 317.6 318.5 326.1 327.9 331.0 331.2 334.0 337.2 340.5 342.3 343.2 343.4 349.2 349.5 353.8 355.5 357.9 358.4 358.9 360.9 365.1 365.9 368.6 369.8 370.4 372.0 373.0 376.3 377.3 377.5 377.8 381.1 383.5 384.1 385.7 385.9 389.8 392.9 394.9 397.8 
300.3 304.5 308.1 310.8 315.1 315.2 316.3 316.9 317.5 319.1 319.8 323.9 326.7 327.3 328.1 330.3 334.9 336.7 338.3 338.8 342.4 344.4 350.1 352.3 354.4 354.6 358.4 359.0 359.1 363.1 366.0 366.3 366.7 369.7 370.9 374.9 379.1 379.5 381.3 384.9 385.5 391.3 398.0 
307.2 308.3 312.5 315.4 317.8 318.1 320.2 320.7 329.9 335.1 336.7 341.8 343.5 349.7 352.9 356.0 382.8 384.2 386.2 387.5 389.5 













328.7 356.8 359.2 372.2 382.4 386.5 391.5 
301.1 304.7 308.7 311.7 312.5 312.8 314.1 314.4 317.7 320.3 322.3 327.0 328.2 328.5 329.2 329.7 333.6 336.6 340.4 341.0 344.3 346.4 347.8 350.3 350.7 351.7 354.6 360.0 361.6 365.1 370.2 370.4 371.3 371.4 372.8 372.9 375.1 375.3 376.7 378.5 378.7 379.9 382.1 382.3 384.4 387.5 389.9 392.9 395.8 398.8 
300.2 300.4 302.7 304.2 304.4 307.4 312.1 312.8 314.7 318.4 319.7 319.9 320.9 321.0 322.0 326.1 332.2 332.8 333.5 333.7 336.2 342.6 344.9 346.4 349.0 352.1 352.7 353.8 356.4 357.9 358.8 359.8 360.5 364.5 367.6 369.6 371.6 375.0 375.2 376.0 377.1 379.9 382.3 382.9 384.7 386.2 389.8 390.6 392.4 397.3 397.9 398.3 398.9 
301.0 304.1 307.7 310.5 317.1 318.4 319.0 320.6 321.2 321.5 322.0 323.1 323.3 326.3 326.4 331.5 334.5 335.9 336.5 347.5 347.7 350.2 350.5 350.9 352.9 354.7 359.5 361.7 364.1 364.7 365.5 368.6 371.2 371.7 371.9 374.1 377.2 377.5 381.6 381.9 383.9 384.9 386.6 387.5 391.5 393.4 
300.2 302.5 302.9 313.6 316.3 317.5 319.3 320.2 321.3 329.4 329.6 330.8 334.3 336.0 343.6 347.1 350.0 354.9 356.0 356.3 357.3 361.5 362.4 368.6 372.0 373.1 375.8 377.6 379.9 380.6 393.5 397.6 399.1 
300.5 306.1 308.4 345.2 351.8 355.0 





302.6 304.3 306.6 306.8 307.0 309.7 311.0 334.6 334.8 360.2 363.8 366.6 370.8 372.3 373.7 385.6 387.3 389.2 391.9 394.8 
302.6 303.5 303.6 303.9 304.7 305.3 307.9 309.4 311.3 311.5 314.4 318.5 323.9 324.1 324.8 327.0 329.2 333.8 334.7 334.8 339.5 340.7 340.8 342.7 346.8 350.9 351.1 356.6 360.0 360.2 361.9 362.3 364.7 365.6 366.5 367.3 369.2 371.5 371.9 375.3 377.9 382.9 384.7 385.5 385.8 387.7 390.7 392.5 393.3 394.7 395.1 395.2 398.6 
301.5 305.5 306.9 308.2 314.3 315.3 319.2 319.3 320.7 321.1 323.8 325.4 325.7 327.4 329.6 330.7 331.0 334.4 335.5 338.4 339.4 350.6 353.3 355.6 356.1 361.5 362.9 365.1 370.5 373.3 373.6 374.7 375.7 377.0 377.1 381.8 383.8 384.0 385.2 386.2 387.4 387.8 389.3 391.1 391.9 393.7 
300.9 301.1 303.7 304.2 305.0 308.9 310.4 312.3 313.9 315.1 321.5 323.5 328.6 331.3 333.3 334.5 335.7 338.5 339.5 339.8 343.1 344.2 344.5 349.0 352.5 353.5 363.1 363.3 363.4 364.5 367.6 368.9 372.3 373.4 377.3 380.5 382.3 382.7 382.9 383.1 384.0 385.3 386.7 387.0 387.3 390.4 390.8 393.5 394.3 398.7 398.8 
307.7 310.0 324.7 332.8 333.4 335.8 350.0 355.7 362.3 370.3 












308.8 322.5 327.3 332.4 333.8 344.4 356.6 362.5 386.1 399.6 
301.5 301.6 301.8 303.0 305.0 305.5 308.0 309.0 310.2 310.5 316.0 317.0 318.2 322.5 325.0 331.8 333.1 333.9 334.5 335.9 341.3 342.6 344.2 347.4 349.5 354.2 354.3 355.7 359.4 360.0 360.2 370.2 374.9 379.4 380.3 381.8 383.3 384.9 385.7 387.5 388.7 393.3 394.3 396.9 397.8 
301.2 302.2 304.4 304.7 305.0 306.6 308.4 311.6 313.0 313.6 313.8 314.4 314.7 317.0 319.6 323.7 325.4 329.6 331.7 331.9 333.1 336.5 336.7 337.1 337.5 337.8 338.1 338.7 339.2 340.3 340.4 340.7 341.5 343.1 343.8 344.1 347.4 349.3 354.9 355.9 361.4 364.0 367.4 373.0 376.5 380.2 385.1 387.4 390.3 391.3 398.1 
303.2 304.9 305.6 307.1 312.2 317.4 318.6 324.0 324.9 325.6 328.1 331.4 334.9 335.9 342.0 345.7 346.9 348.4 349.4 356.1 357.6 362.5 364.3 370.0 370.2 371.9 372.5 372.8 373.8 374.8 375.4 379.0 380.0 381.5 383.5 386.3 389.5 390.6 390.7 391.2 392.3 395.6 396.1 397.2 397.9 
307.0 307.5 308.4 310.6 320.7 335.1 344.5 351.8 354.5 363.9 364.8 392.9 






313.5 350.0 366.5 396.9 
306.2 307.5 310.1 311.7 316.6 319.8 322.4 325.9 326.8 340.3 344.4 345.3 348.4 350.0 351.6 352.3 361.1 365.7 368.6 369.4 370.4 371.4 377.2 378.4 382.6 383.3 384.5 385.6 386.9 387.2 388.5 390.0 391.9 396.7 
300.4 303.0 303.4 309.5 310.4 311.3 314.5 315.9 316.1 316.7 316.8 318.6 319.6 321.2 321.9 323.6 326.7 326.9 328.3 331.5 331.8 339.1 343.7 348.0 348.2 349.5 350.8 352.7 352.9 355.1 356.6 357.1 359.8 365.0 365.8 371.3 372.0 372.8 376.4 377.0 379.0 379.4 387.1 388.1 388.6 389.3 391.3 394.4 394.8 
301.7 305.1 305.5 315.3 315.6 318.1 321.0 322.3 327.8 328.4 331.3 336.8 337.7 340.6 340.9 341.0 341.8 344.2 344.6 346.5 347.7 349.5 349.6 350.6 355.8 356.5 358.8 359.3 360.3 362.7 363.1 365.6 367.4 370.1 372.8 373.7 374.1 375.3 375.5 377.6 380.4 381.4 381.7 382.8 385.6 386.8 387.5 388.2 390.9 392.6 394.4 395.2 396.9 398.7 399.0 399.8 
305.2 324.4 329.7 353.4 366.6 377.0 391.9 












302.9 315.0 326.8 345.6 373.8 386.4 396.2 
304.8 306.2 310.4 313.8 316.0 321.2 323.0 323.4 323.5 324.4 325.4 326.1 327.3 327.4 330.6 330.8 333.9 335.2 336.3 338.9 339.3 339.4 345.9 349.0 350.0 350.6 353.6 355.9 356.7 361.2 361.4 361.5 361.9 362.9 363.5 365.3 366.2 368.6 369.5 372.9 375.8 379.0 379.5 380.7 381.0 381.3 381.7 382.3 382.5 387.9 389.1 389.6 390.7 393.3 396.3 396.5 396.8 397.5 399.7 
303.9 308.6 308.7 309.0 309.6 313.7 318.3 321.0 322.8 323.2 324.2 324.8 330.1 331.3 336.3 336.6 339.6 341.6 342.8 343.1 343.2 348.5 349.2 350.6 351.6 355.1 355.3 356.9 359.3 361.3 361.4 366.1 366.5 368.0 369.3 374.8 376.9 383.1 386.7 392.4 392.7 393.7 398.1 399.2 








349.2 362.6 
300.7 300.8 307.0 310.7 311.3 318.0 319.1 322.2 323.7 326.9 327.1 327.7 331.9 333.5 338.8 340.2 340.6 341.1 341.2 344.6 347.6 348.1 351.4 351.8 353.8 355.3 358.3 364.3 365.8 369.2 371.4 371.9 372.8 376.6 379.0 384.0 390.1 391.7 392.2 393.3 394.7 
301.1 302.5 302.8 303.9 305.1 306.5 306.6 309.6 309.8 309.9 310.5 310.9 311.3 311.8 315.3 318.6 318.8 319.6 322.7 324.7 325.5 327.9 331.4 333.7 335.7 335.9 337.0 338.3 338.8 338.9 339.0 339.4 339.8 340.5 341.6 344.0 345.8 346.5 347.6 349.0 349.5 350.8 351.6 352.2 356.3 356.8 359.2 359.7 360.8 364.0 364.2 364.5 366.0 366.4 367.7 370.5 375.1 376.7 377.1 377.9 379.5 384.9 392.1 393.0 393.5 395.1 395.4 399.4 
302.6 308.3 311.3 312.5 314.6 316.3 316.7 316.8 320.2 321.3 322.5 323.4 333.3 335.4 337.5 337.9 340.2 341.7 344.6 347.6 349.6 350.3 352.8 353.5 356.2 357.2 357.9 364.1 366.0 370.0 385.8 387.8 388.3 389.6 391.3 393.5 395.1 397.0 398.0 399.9 
301.6 303.7 307.4 307.6 308.7 308.8 309.4 310.0 312.8 316.7 318.7 322.0 323.6 328.6 337.6 338.9 339.5 340.1 348.6 349.7 351.2 355.1 357.5 362.9 363.6 368.6 370.5 372.3 374.4 384.4 384.8 387.8 389.5 392.7 392.8 393.0 393.3 396.5 396.8 397.7 397.8 397.9 












300.1 302.0 302.2 308.8 324.6 325.3 328.9 330.6 333.0 347.5 348.0 349.2 350.2 351.9 358.9 361.8 366.7 369.6 371.9 373.9 374.9 381.5 391.4 392.2 393.3 396.1 397.7 399.4 
300.7 301.4 303.2 306.8 307.3 308.8 310.1 314.2 314.6 316.3 317.0 318.4 320.2 324.9 327.3 328.0 328.7 329.3 329.9 330.3 330.4 334.6 337.8 338.2 341.2 342.3 342.8 343.4 346.0 346.2 351.6 352.0 355.1 359.9 362.0 364.2 364.4 365.3 368.9 371.8 373.0 373.2 374.1 374.5 375.8 378.8 381.0 383.3 386.2 386.4 392.7 393.6 396.2 398.1 398.6 399.2 
303.1 304.2 309.4 312.3 312.4 320.1 321.0 323.5 323.7 325.0 328.0 328.2 328.7 329.6 330.0 332.1 336.9 337.1 338.4 338.8 339.4 339.6 345.4 347.0 350.7 353.5 353.9 355.1 356.6 358.4 361.2 365.5 369.2 371.8 378.9 379.0 379.2 382.2 382.3 382.8 383.3 383.5 388.1 391.9 394.6 397.7 398.7 








300.1 306.0 312.3 316.7 326.9 333.1 334.9 337.8 352.6 367.7 369.8 370.6 379.1 379.3 386.5 392.4 
303.5 304.3 308.2 309.1 310.0 311.6 314.9 317.1 317.6 317.7 318.1 321.3 321.5 322.6 322.8 323.5 324.8 330.0 331.4 334.0 336.1 338.9 339.1 342.5 347.9 348.0 348.9 349.9 354.2 354.4 354.8 358.6 361.0 362.1 362.5 364.3 364.7 366.8 371.6 372.1 375.1 379.7 384.6 387.7 389.5 390.1 391.0 392.5 393.8 395.1 399.2 
301.9 304.6 310.9 314.7 314.9 317.2 317.7 318.7 319.5 320.0 327.0 327.9 329.2 329.5 331.7 333.1 342.6 343.0 343.8 347.3 348.1 348.3 348.5 350.8 353.0 353.4 354.8 356.3 358.8 362.2 366.3 366.7 371.2 371.5 372.9 374.4 374.9 375.2 378.2 379.5 380.8 381.3 384.8 386.1 387.4 387.8 388.7 389.5 395.0 395.7 396.3 398.1 398.9 
302.0 302.7 305.3 309.0 309.1 311.8 314.2 315.0 315.6 316.4 319.7 322.4 322.8 324.8 327.9 332.6 334.2 336.3 344.5 345.7 347.7 351.2 351.7 352.5 353.0 356.2 358.9 362.1 363.1 363.8 370.3 370.6 373.0 376.1 382.6 383.5 385.6 386.1 386.9 387.9 388.4 391.0 393.0 395.5 395.9 
325.6 327.7 356.9 377.2 378.3 387.3 397.8 












304.0 305.6 308.6 312.7 313.0 315.6 315.7 321.7 322.6 323.7 324.5 324.6 325.3 328.5 330.7 335.4 335.7 340.2 341.2 343.1 343.4 343.7 344.5 345.0 345.2 350.0 354.0 354.4 354.6 355.0 363.8 372.1 373.3 380.2 380.5 383.5 385.5 389.2 390.8 394.5 396.6 396.7 397.3 
301.3 305.1 306.7 310.6 312.8 313.2 316.5 317.2 317.7 321.4 325.7 326.8 329.1 331.5 332.1 332.2 333.4 335.5 337.1 338.0 339.4 340.8 346.0 346.4 347.6 348.7 350.1 351.5 356.0 357.7 358.6 359.6 360.0 361.4 361.9 363.5 364.3 364.6 366.8 367.1 368.4 368.7 372.1 372.2 377.8 378.3 378.9 380.4 383.1 384.2 388.7 388.8 389.5 389.8 391.7 394.1 399.2 
300.2 301.5 302.3 302.6 305.7 306.9 309.2 309.9 310.7 311.0 311.6 314.2 314.7 315.2 317.1 318.5 321.3 321.6 322.7 323.0 325.6 326.0 326.6 327.9 333.5 336.6 338.0 338.5 338.8 341.2 342.8 345.9 346.9 347.7 351.1 354.0 365.6 367.6 367.9 370.7 373.6 376.4 377.7 378.7 379.9 381.7 382.5 387.9 388.8 389.2 394.3 397.3 398.1 398.5 






313.7 338.1 350.4 385.9 
306.4 332.3 340.2 342.1 354.1 377.9 386.5 395.1 
300.0 300.8 301.5 302.8 302.9 303.4 306.6 307.4 307.6 308.4 310.6 314.7 316.4 316.6 317.9 323.6 327.3 327.7 330.2 332.5 332.9 333.3 334.9 335.3 335.8 338.0 347.5 347.9 352.7 353.4 353.8 358.1 359.5 361.5 363.1 363.9 365.2 371.5 372.2 373.0 374.7 376.0 378.9 381.2 382.3 385.1 385.4 385.8 386.0 386.1 388.9 390.1 391.2 394.1 394.6 395.0 398.8 399.6 399.8 
301.2 302.0 302.4 305.5 306.9 310.0 312.8 313.1 314.0 314.3 317.4 318.5 319.2 321.1 327.1 332.8 333.3 333.7 334.3 335.1 336.2 338.0 339.4 339.6 340.9 341.9 342.0 344.9 346.9 347.3 348.4 349.8 350.6 351.8 353.5 358.3 360.1 363.9 364.7 365.7 365.8 366.2 367.1 374.0 376.8 377.1 377.3 377.6 379.8 381.8 387.5 387.9 388.6 390.0 390.7 392.5 393.1 395.2 
300.4 301.2 305.8 306.2 307.6 309.7 312.3 313.7 315.4 316.1 316.3 316.5 320.2 320.3 320.6 321.8 324.3 327.0 328.6 333.3 337.4 343.7 346.4 348.0 348.9 350.1 350.4 352.2 352.6 353.3 355.3 357.5 358.3 359.6 359.7 360.7 362.6 365.2 365.7 368.0 372.7 374.1 378.8 383.5 383.9 384.2 387.1 388.7 390.5 391.1 392.6 395.9 398.2 
300.4 303.9 306.8 307.5 308.7 310.2 312.8 316.4 316.7 317.7 318.2 319.6 320.5 330.7 334.3 334.5 335.6 337.4 338.1 338.3 344.1 345.9 353.0 353.9 354.2 355.6 356.5 359.4 363.1 368.5 370.6 371.3 374.0 375.5 376.1 376.2 376.6 379.0 380.4 380.8 385.8 387.9 392.8 399.7 
315.1 315.8 320.2 362.9 391.5 












300.7 303.0 304.5 305.1 307.0 308.2 309.2 309.7 310.8 321.4 322.5 326.5 327.0 330.8 337.6 344.7 347.1 347.9 348.2 349.2 350.9 354.8 356.2 358.6 360.0 363.4 364.5 366.0 373.9 376.9 377.5 377.7 378.1 380.9 382.8 383.7 385.6 386.4 389.9 394.4 395.3 395.6 396.8 398.0 
301.0 302.7 303.0 303.3 309.6 315.2 316.3 317.6 322.2 322.8 329.3 329.6 329.8 330.7 331.6 332.4 334.8 339.4 339.9 344.2 344.4 347.7 350.6 352.8 353.5 355.9 356.6 365.7 366.0 368.5 369.2 369.7 369.9 376.9 384.0 384.6 385.9 386.4 387.3 387.7 391.6 394.7 394.9 395.3 395.7 397.5 
304.3 306.4 309.1 310.0 311.1 311.7 312.1 314.6 315.8 316.5 316.6 316.8 317.0 320.4 331.1 332.2 333.1 336.3 341.6 342.2 344.0 346.1 348.9 349.0 352.9 355.0 355.7 358.5 359.0 360.2 363.1 367.9 368.6 374.6 375.7 376.6 391.8 393.2 398.4 398.5 






301.5 301.7 302.0 309.9 313.9 318.3 319.7 321.1 321.7 323.9 326.1 326.5 327.0 328.4 339.7 341.2 341.4 342.1 342.8 344.8 345.7 349.9 362.6 366.1 370.8 394.9 396.0 397.5 397.6 
300.4 300.7 302.0 310.9 311.9 312.0 320.5 321.6 323.1 327.4 329.7 333.2 335.9 337.0 339.3 343.5 344.3 344.8 345.2 345.7 345.9 347.0 349.7 356.5 357.2 357.5 357.8 358.2 359.0 360.6 362.2 364.7 365.2 369.5 370.4 371.4 371.5 373.6 377.1 379.0 379.9 380.0 382.1 383.3 384.7 386.7 389.0 394.9 395.1 396.6 397.1 397.4 
300.1 300.5 302.2 308.3 309.2 310.4 314.1 316.9 318.0 329.6 333.0 333.7 335.1 336.2 337.5 339.2 339.7 341.8 343.2 344.4 345.3 345.9 351.6 356.1 357.6 362.2 362.5 363.3 365.2 372.6 381.3 382.0 384.1 384.3 388.2 388.5 390.9 395.2 395.5 398.3 399.1 399.9 
300.5 302.2 303.5 304.0 310.1 310.7 315.8 316.2 320.2 329.5 329.8 330.9 331.2 333.8 337.1 338.5 340.1 341.5 343.0 343.1 344.6 346.0 347.0 352.1 352.8 353.3 355.0 355.5 355.6 357.5 359.0 360.3 362.1 364.7 365.1 368.5 368.6 368.8 369.9 370.3 372.3 377.2 379.5 384.8 385.0 385.8 387.1 387.3 390.5 394.9 397.4 
300.1 301.4 303.6 304.7 308.2 308.5 309.7 311.3 311.5 314.0 314.5 315.2 318.6 320.1 321.5 323.0 323.7 326.0 327.0 328.1 332.0 333.1 334.9 335.6 336.0 336.4 336.5 337.9 343.3 344.8 346.0 351.5 355.5 357.4 358.6 359.6 362.8 364.0 365.7 367.6 367.8 368.9 369.1 372.1 373.7 374.6 376.4 380.0 382.6 383.9 384.1 384.3 387.6 387.8 389.7 391.8 391.9 394.0 395.5 396.8 398.7 
320.7 321.8 331.0 333.9 343.3 354.8 358.3 369.1 377.4 382.9 385.5 390.2 













303.3 306.2 313.9 325.1 325.7 326.8 332.9 337.2 340.4 342.5 347.5 348.4 350.7 351.7 351.9 356.1 361.1 363.7 365.1 370.1 371.4 372.9 379.7 381.7 384.0 387.6 391.6 393.9 
303.0 303.2 304.4 304.6 306.1 307.3 307.6 309.2 310.0 310.3 311.2 311.4 311.5 314.5 315.4 317.3 318.7 320.2 322.1 323.1 323.5 325.8 327.1 327.8 329.9 333.6 341.4 341.7 345.1 345.8 346.0 350.7 354.4 356.1 360.2 361.0 362.6 363.0 366.6 373.0 373.8 379.9 382.6 386.2 387.2 392.5 392.8 393.3 395.8 398.0 398.5 
301.0 303.6 306.6 307.0 307.4 308.0 309.6 310.6 311.2 313.2 315.8 316.3 318.6 320.1 320.4 320.5 321.3 321.5 323.8 324.4 328.0 335.3 336.6 336.8 340.2 341.1 341.4 342.4 344.7 345.1 346.2 350.1 350.3 352.2 353.4 354.2 356.2 356.5 361.1 361.7 363.8 366.2 366.8 371.1 373.0 374.5 382.5 384.4 387.9 389.1 390.0 391.6 392.1 392.4 394.9 396.0 399.6 





307.9 309.0 312.1 316.9 317.5 317.9 318.6 319.0 319.2 323.1 326.9 328.0 334.9 335.2 342.7 346.8 350.2 353.4 355.8 358.0 360.8 363.2 364.5 368.3 368.8 369.0 369.9 370.4 371.8 384.6 388.8 393.2 398.5 
301.6 308.7 310.7 313.6 315.3 315.9 316.9 317.4 318.6 320.0 320.4 321.9 326.7 328.9 329.7 332.3 332.6 336.9 337.0 338.1 339.5 340.3 341.1 343.6 347.5 348.4 350.9 351.3 354.7 355.1 355.3 358.1 358.8 360.2 370.8 370.9 375.5 377.2 379.6 384.5 387.7 391.4 391.7 392.9 397.9 
300.6 302.8 303.5 303.6 306.7 309.6 309.7 313.6 315.9 317.3 318.7 321.3 325.0 335.2 338.9 339.6 342.5 342.9 343.2 343.9 344.6 347.7 348.2 349.0 353.3 356.8 361.2 362.0 365.7 374.3 378.1 380.3 386.2 387.8 391.4 393.8 394.9 398.5 
302.6 303.0 305.2 307.9 311.6 312.6 313.2 313.6 316.6 319.9 321.3 321.6 322.0 326.9 329.3 330.1 330.3 333.0 335.1 338.9 339.2 342.9 347.0 349.6 349.7 351.0 351.3 353.9 357.1 357.7 360.4 362.0 367.0 367.7 369.7 372.8 373.8 375.8 376.5 380.0 380.8 384.3 387.1 388.0 388.7 392.5 395.1 
301.8 303.0 310.4 311.3 313.1 313.7 313.8 314.4 315.5 316.6 317.0 317.4 322.9 323.4 323.5 326.3 327.0 327.2 327.8 328.1 329.2 334.9 336.1 339.8 341.9 344.2 344.4 345.0 348.0 348.4 350.1 351.7 355.9 360.6 360.7 361.1 362.3 363.3 368.9 372.0 373.9 374.1 374.8 375.0 378.9 379.4 379.5 379.8 380.8 382.0 385.8 387.2 389.8 391.1 392.6 393.8 394.0 394.9 
301.9 305.9 308.6 318.1 322.2 323.0 323.4 323.7 325.9 333.2 336.7 339.9 345.2 346.2 349.5 350.5 355.1 363.9 368.2 372.5 376.0 376.2 377.1 378.0 379.6 384.2 385.3 386.0 386.2 386.6 388.5 389.7 390.1 392.2 395.6 397.3 399.7 














300.0 304.6 305.5 309.1 310.6 312.7 316.4 320.9 323.1 328.0 330.7 334.4 336.7 338.2 339.4 341.4 343.3 345.0 346.7 349.1 356.7 357.7 362.7 369.8 370.4 371.9 372.2 372.4 377.7 379.5 382.6 385.9 389.0 389.4 392.3 393.1 393.7 394.7 395.2 399.4 399.9 
300.8 300.9 306.9 309.8 310.2 312.0 313.8 314.8 317.5 318.6 319.0 327.1 328.7 331.6 332.5 333.1 334.3 337.3 337.7 338.5 338.8 340.1 340.2 340.8 341.0 341.1 341.4 342.2 342.7 342.9 344.1 344.7 346.2 351.7 353.6 355.1 355.5 355.7 356.2 357.1 359.0 359.1 359.6 362.0 366.4 366.7 367.4 367.8 372.2 376.2 378.0 382.7 384.9 386.7 387.8 389.8 391.2 393.6 397.0 
303.4 312.4 314.7 316.5 317.3 321.6 322.1 322.7 325.3 325.5 327.5 330.6 331.5 335.9 336.9 339.5 340.7 346.4 346.7 347.0 347.1 348.3 349.9 350.6 358.1 358.9 362.1 363.1 372.3 373.6 374.9 379.3 381.5 384.5 390.1 392.8 393.7 399.1 
309.0 313.5 324.8 339.7 355.9 359.3 376.1 381.9 383.2 
309.4 332.8 345.2 353.3 372.8 374.3 379.9 386.7 392.0 396.0 398.6 
305.8 308.3 309.3 310.2 311.6 315.0 316.5 320.2 321.5 322.1 322.4 324.8 326.2 326.5 328.1 328.6 330.5 331.8 332.0 332.8 333.3 333.8 334.8 335.1 337.1 337.2 347.0 355.7 360.4 360.9 362.5 367.9 370.1 371.4 372.0 373.0 373.7 375.6 375.8 382.3 383.6 383.8 385.4 390.1 393.0 395.6 398.4 
300.6 303.2 307.9 310.7 311.7 312.1 312.9 313.0 320.9 321.4 324.1 326.9 327.1 329.8 329.9 331.2 331.5 334.9 338.4 340.7 341.3 344.2 347.8 349.1 349.6 349.9 350.6 353.5 354.4 359.4 360.2 363.3 363.8 366.1 368.1 370.1 371.1 373.8 381.0 381.2 381.7 381.8 382.3 382.5 383.2 386.4 388.9 391.8 391.9 393.5 397.4 397.6 
300.2 300.5 300.8 302.5 304.9 305.6 307.3 318.4 323.4 325.0 327.0 333.5 338.4 341.1 343.0 346.4 346.6 347.4 348.1 353.4 353.5 353.9 360.2 360.7 360.8 361.1 362.3 365.4 365.5 366.1 367.4 368.9 370.8 372.1 374.6 377.7 378.9 379.8 380.6 382.1 382.9 386.0 386.6 389.8 391.1 395.0 396.7 396.8 396.9 397.0 397.7 
301.3 303.7 303.9 305.4 307.2 308.1 311.4 319.6 321.2 322.4 326.3 328.7 329.4 330.4 333.9 334.3 335.8 336.3 339.0 339.4 341.3 342.1 343.3 345.1 347.1 347.5 348.7 350.4 351.4 353.4 355.9 359.4 361.9 363.9 365.2 369.3 370.5 371.8 372.3 372.7 373.3 377.6 379.2 380.3 381.7 393.5 396.0 396.7 397.8 398.2 399.2 399.5 399.6 
307.5 314.5 316.1 316.5 322.1 324.3 327.1 331.5 331.8 333.0 334.8 337.6 340.6 342.3 342.4 342.9 343.9 344.3 348.4 350.7 355.7 357.2 358.3 365.0 366.9 367.7 372.6 373.2 376.8 378.1 380.0 380.9 382.0 393.6 394.6 397.2 
302.7 303.9 306.0 309.4 311.0 311.2 312.0 312.6 313.1 316.1 321.0 321.4 323.8 324.4 325.5 326.8 328.0 332.7 335.2 335.6 336.1 337.0 337.2 340.6 346.5 347.4 347.8 352.3 352.7 354.9 359.9 365.3 370.8 372.5 373.3 373.5 378.2 381.7 382.2 382.5 385.5 388.5 390.0 394.9 
300.3 303.3 303.8 305.4 306.3 306.6 309.4 309.7 312.3 312.4 319.7 322.5 324.3 324.5 326.8 327.8 331.6 332.6 333.2 336.0 337.3 338.3 338.8 339.3 340.6 343.8 345.0 347.6 348.2 349.6 352.2 358.8 363.1 367.0 368.0 368.4 369.0 370.3 370.6 374.5 377.6 378.8 381.7 385.0 386.6 396.9 
300.0 301.9 303.0 304.6 305.8 307.5 308.1 308.2 309.8 314.5 315.9 318.2 318.4 321.1 322.2 323.5 324.0 331.5 333.1 335.7 336.2 338.3 339.5 340.6 341.4 342.7 344.8 345.2 346.0 347.8 348.9 353.3 353.5 354.6 358.0 358.7 359.7 364.0 365.9 367.6 370.1 371.0 373.0 376.4 377.6 381.3 382.2 382.7 384.9 386.7 386.9 387.1 387.6 387.7 389.2 394.6 399.1 















301.0 303.9 304.7 314.3 319.5 327.9 328.3 338.1 343.0 346.0 348.0 348.5 355.1 358.5 368.5 369.8 372.0 375.3 377.5 378.0 384.1 384.7 386.3 392.2 398.6 
300.0 300.1 300.8 301.7 306.8 307.2 309.7 311.5 311.6 313.2 313.8 315.1 317.0 321.4 322.1 324.4 331.5 334.0 336.2 337.9 339.9 340.5 342.6 344.4 348.0 356.9 357.2 358.1 360.5 360.9 361.7 363.2 365.2 368.7 372.3 372.7 373.2 374.1 375.2 377.4 379.8 381.9 392.7 392.8 393.1 393.4 395.1 396.0 396.5 397.3 397.6 398.2 
303.0 304.7 306.8 307.1 307.6 314.1 319.2 320.2 320.3 322.0 323.7 323.8 324.0 328.8 332.8 337.4 337.8 339.7 339.9 342.6 342.7 345.1 348.6 349.3 350.1 353.9 354.0 355.7 358.4 359.5 360.0 362.3 363.3 366.1 369.1 369.4 372.7 373.0 373.4 373.8 374.7 377.0 377.7 380.8 381.0 384.2 388.4 392.3 397.8 399.0 399.2 399.4 
301.2 303.8 305.8 305.9 307.3 310.6 313.7 314.3 321.7 323.1 329.3 329.5 330.8 332.1 333.6 335.1 341.0 341.4 343.4 344.5 348.3 349.8 350.5 356.4 357.1 357.6 358.0 365.2 368.3 373.0 373.1 374.6 375.3 375.4 379.1 387.2 387.3 389.9 390.7 393.3 394.4 397.1 398.4 
300.7 304.8 304.9 308.6 309.9 310.7 318.6 319.3 319.6 325.1 325.9 326.1 326.3 326.9 327.0 331.0 333.3 336.7 339.2 339.9 340.4 340.7 341.4 343.3 345.4 345.9 346.0 348.1 348.4 349.8 350.7 351.5 351.8 351.9 353.2 354.5 356.5 356.6 357.5 360.7 361.3 362.1 364.7 364.9 367.5 368.8 371.1 371.2 373.5 376.2 376.9 378.5 379.6 379.7 387.6 388.7 393.0 394.0 394.3 397.0 397.6 399.1 
303.4 306.4 306.5 313.0 313.1 313.9 314.5 315.1 324.9 325.2 328.0 329.6 330.4 332.2 332.7 335.4 344.3 348.7 351.8 353.7 354.6 356.1 356.5 357.6 360.2 360.5 360.6 362.1 362.4 362.5 363.8 364.2 366.7 367.6 371.0 372.9 373.7 374.4 375.6 384.5 387.5 387.8 389.1 392.7 393.0 395.7 397.1 398.4 
301.3 302.1 304.5 307.4 308.5 309.3 309.6 310.2 311.3 312.1 317.4 318.5 318.7 321.4 324.9 328.0 328.5 333.2 333.8 334.6 334.7 341.5 343.0 343.1 345.0 345.7 357.0 358.7 358.8 360.7 361.0 362.3 363.3 365.1 370.4 372.1 375.6 378.3 378.7 380.6 381.1 382.0 383.6 389.6 390.3 399.7 
302.3 303.5 304.0 307.8 308.0 324.1 327.1 335.7 336.1 338.0 339.4 340.4 341.3 341.7 343.1 348.1 349.4 349.7 356.2 356.7 358.0 358.1 360.9 362.1 362.9 364.3 365.4 367.2 369.2 373.5 374.2 374.4 375.6 377.8 379.3 383.0 383.1 383.6 391.6 393.5 394.0 398.7 399.1 399.9 
301.2 303.8 306.1 306.6 307.1 310.0 314.9 315.0 315.5 322.1 322.9 324.5 325.0 327.3 336.6 339.7 342.0 344.1 346.5 346.9 347.5 352.3 352.5 354.3 360.2 362.5 363.8 365.0 367.0 367.5 368.1 373.8 377.4 378.4 381.9 382.3 386.2 389.8 390.4 394.7 395.6 398.4 
301.7 303.5 308.2 309.2 313.4 317.7 318.9 322.8 324.1 324.3 326.1 326.2 326.7 328.5 329.0 329.8 330.0 330.6 332.0 333.4 334.5 338.8 339.1 342.5 343.0 346.3 346.6 348.1 348.9 349.2 354.5 357.2 357.8 358.3 358.7 361.4 362.7 367.2 369.3 371.6 372.9 379.5 380.3 383.1 384.7 386.2 387.6 388.6 389.7 389.9 393.1 393.3 393.4 395.9 398.1 399.1 
300.6 302.0 305.2 306.1 306.4 309.0 309.3 310.1 311.1 311.4 313.2 317.8 319.2 322.2 323.4 327.6 329.6 332.2 339.5 340.1 345.5 346.7 347.9 348.5 351.2 353.5 357.1 363.5 366.6 367.0 372.8 372.9 375.4 376.6 377.4 379.3 379.7 382.9 383.9 384.2 386.8 387.2 396.6 
303.0 306.2 308.0 310.1 311.7 315.7 317.7 319.5 320.6 324.3 329.4 334.2 336.6 340.8 341.4 342.7 345.2 355.5 357.3 360.3 365.7 366.0 366.1 371.3 373.2 374.0 374.9 375.0 375.2 375.4 375.9 377.0 377.6 379.8 380.1 380.5 380.6 383.1 392.2 394.4 398.5 398.6 
308.1 310.1 311.0 313.3 314.7 315.4 317.1 321.9 323.1 333.6 338.6 342.8 346.7 352.5 353.9 354.1 355.6 355.8 360.9 362.1 363.9 367.9 374.0 377.1 378.1 387.8 388.3 395.7 















330.7 336.2 373.8 383.4 383.5 
302.6 307.1 308.6 310.3 314.1 314.5 317.2 317.9 324.2 324.5 325.5 328.4 329.8 334.8 336.7 336.9 338.9 341.2 341.5 342.9 343.0 343.7 343.8 347.2 352.2 358.4 360.1 361.9 363.9 365.6 365.7 373.1 373.8 375.1 379.3 384.5 386.4 388.6 388.8 393.6 398.1 398.3 
304.5 307.9 309.5 309.7 311.2 314.3 318.0 320.1 326.8 328.2 330.3 331.5 331.8 335.9 336.0 341.9 344.4 345.3 347.5 348.5 349.0 350.3 354.1 355.8 359.3 363.4 365.9 366.1 367.2 367.5 374.3 375.6 376.2 378.5 379.7 380.3 380.7 386.9 387.0 387.2 389.8 391.8 393.3 393.7 394.9 395.6 396.3 396.6 396.9 399.7 
303.8 306.4 307.7 308.5 311.9 312.3 316.9 317.3 318.0 318.7 319.2 322.0 322.1 323.1 326.2 327.8 329.1 329.8 332.8 333.1 334.8 335.3 337.2 345.6 345.7 348.1 350.4 350.6 351.1 355.9 357.4 359.5 360.6 361.3 362.2 362.4 363.7 364.9 365.2 366.9 367.2 367.6 370.1 373.1 375.2 375.7 376.5 383.6 386.0 386.8 390.8 391.6 391.9 395.3 398.8 399.4 
302.3 304.0 304.5 311.2 311.3 312.7 316.1 320.8 321.1 321.8 328.6 330.3 331.5 331.7 333.3 337.7 341.3 341.4 343.3 346.2 351.5 352.1 355.4 356.4 356.9 357.0 359.4 363.0 363.1 365.8 371.6 372.1 379.2 379.4 380.6 381.8 382.9 383.1 383.5 385.1 385.6 386.6 387.4 388.8 391.3 392.8 395.7 396.5 396.9 
304.4 305.2 306.4 307.3 310.1 310.4 310.7 311.8 315.5 324.0 326.5 326.7 331.0 331.3 333.2 336.2 337.0 340.9 341.9 342.4 342.7 344.4 344.7 353.4 354.2 356.8 358.2 358.5 359.2 359.5 364.5 366.5 368.3 368.6 369.4 369.6 372.1 372.9 373.7 375.0 378.4 381.5 381.8 385.4 387.8 391.7 392.6 394.3 394.6 394.9 398.3 399.9 
300.7 301.6 305.5 312.2 316.8 322.1 323.3 324.4 325.9 327.7 328.1 328.9 329.1 329.4 331.8 333.8 334.8 341.9 342.5 344.8 345.1 346.4 348.0 350.0 351.0 353.1 354.2 354.6 355.1 363.7 366.2 367.4 374.7 376.3 376.7 377.3 380.5 382.5 382.8 384.6 385.0 391.4 392.0 392.6 394.7 398.2 399.4 
301.6 306.2 309.9 311.2 312.9 313.1 313.5 313.6 314.8 316.8 317.5 318.1 319.9 321.5 330.5 330.9 331.3 332.9 336.3 336.8 337.6 338.0 338.5 345.0 345.5 346.5 349.6 353.2 354.1 354.4 357.4 358.0 359.8 360.8 362.4 362.6 364.3 365.1 371.4 372.5 376.8 382.1 384.0 384.1 384.6 387.7 387.8 388.0 388.6 388.9 389.3 391.3 392.3 394.3 395.4 396.1 398.9 399.0 
300.1 307.3 309.2 310.9 311.1 315.9 317.3 318.1 318.2 319.7 320.0 320.3 322.5 325.3 326.3 328.4 331.0 331.6 333.8 338.5 339.3 343.8 343.9 345.8 347.1 348.6 348.9 349.1 350.8 352.3 353.2 353.7 355.2 362.4 366.7 369.2 369.5 372.6 374.4 376.7 380.3 382.8 383.2 384.8 390.1 
300.6 300.8 301.1 302.1 306.6 309.0 309.2 310.2 311.4 312.3 313.7 315.9 318.3 318.6 318.8 320.2 321.1 321.2 321.6 324.8 325.4 325.5 328.8 329.2 330.0 334.4 339.5 345.8 347.2 349.6 349.7 350.8 354.2 354.3 356.1 356.6 359.3 359.6 359.7 362.0 365.5 367.1 368.9 370.7 373.3 376.6 377.4 379.3 380.7 380.8 381.0 382.2 383.3 383.8 384.0 385.9 386.9 389.5 389.6 393.0 394.5 398.5 398.8 399.3 
300.4 304.6 306.8 308.3 310.2 314.6 315.8 316.3 320.2 321.7 324.0 327.5 329.4 330.3 334.9 335.4 335.8 337.8 338.5 341.9 343.4 345.5 347.0 353.7 354.8 354.9 356.9 360.9 362.3 362.4 364.0 365.4 373.0 374.3 378.2 382.7 383.2 384.3 384.4 385.0 385.9 386.3 387.0 388.0 388.5 388.9 391.0 391.8 392.0 393.3 393.4 398.3 
306.3 308.2 313.8 316.0 368.2 381.3 384.2 
345.2 
















310.6 310.7 319.5 339.3 347.9 359.1 366.7 378.8 387.9 
300.6 317.5 327.9 330.9 333.1 335.3 336.0 340.9 344.2 345.4 349.3 354.6 356.8 372.0 377.6 378.4 379.3 380.7 390.8 391.8 392.1 399.9 
301.1 301.9 303.7 305.9 307.3 307.4 312.2 312.7 313.7 322.6 323.9 325.5 327.2 328.0 331.9 332.3 337.1 339.4 340.5 341.6 342.5 344.9 348.2 351.0 351.3 356.0 356.9 361.5 367.7 371.6 376.2 387.4 388.9 390.2 392.0 394.4 395.5 398.9 
301.3 301.4 302.2 303.2 304.5 306.5 313.0 314.0 320.1 320.8 323.2 325.2 325.3 328.4 328.5 334.1 338.2 340.1 340.3 342.1 345.9 347.1 347.6 349.3 350.8 352.0 353.2 355.2 355.9 359.7 361.7 363.0 363.2 365.9 367.7 369.4 371.4 375.3 378.0 378.1 382.9 384.6 387.7 387.8 389.0 389.7 390.4 391.5 393.1 393.7 394.8 395.3 
302.5 302.7 303.2 304.1 306.0 309.3 312.3 312.9 313.4 316.2 316.9 319.0 320.7 325.3 328.7 328.8 330.6 331.5 332.8 337.4 340.3 346.4 350.8 352.1 353.1 353.5 358.2 359.9 362.3 364.0 366.9 367.7 367.9 368.6 373.0 373.2 373.4 379.0 379.2 381.0 385.2 387.1 388.2 393.7 394.2 395.7 397.1 
300.1 301.8 302.6 304.0 311.8 312.2 316.2 316.6 317.8 325.2 341.7 344.8 345.1 345.6 347.1 347.9 349.4 350.3 350.8 350.9 354.0 355.0 355.4 356.5 360.8 371.5 371.9 372.1 374.3 374.9 379.8 380.6 381.1 381.2 383.3 388.5 391.6 392.5 392.8 393.3 396.1 397.4 398.9 399.0 399.3 
300.8 301.4 301.9 302.4 303.0 307.6 308.3 311.7 316.0 316.7 319.3 319.8 323.5 324.8 324.9 327.5 328.2 328.8 329.4 331.1 332.2 334.3 335.8 337.2 337.3 337.5 337.9 339.8 344.6 348.7 349.6 351.6 353.0 355.2 355.4 355.5 355.6 356.5 356.8 359.1 362.2 362.3 364.2 367.2 369.3 370.7 370.8 371.7 373.8 374.9 377.3 377.6 379.7 381.7 385.5 387.2 388.8 390.1 
301.0 302.0 305.3 310.2 313.8 320.4 321.1 321.2 321.6 325.7 326.6 327.4 328.9 330.1 330.3 337.7 345.4 345.6 347.8 349.2 349.4 351.1 352.2 355.1 356.9 357.1 357.5 363.4 365.1 370.2 371.1 377.6 378.1 379.5 386.8 391.8 392.1 393.1 393.9 399.1 399.7 
305.2 311.8 316.2 317.5 321.5 327.4 329.8 345.7 348.4 349.2 367.6 373.0 373.9 390.6 395.4 396.1 398.3 





















303.5 308.7 325.7 329.5 338.9 361.0 369.3 373.0 374.5 377.5 380.6 386.5 
300.9 304.5 305.4 308.0 312.9 314.5 317.9 320.0 321.3 323.5 338.5 340.8 343.8 345.8 353.3 355.5 357.6 362.8 366.2 366.3 369.1 369.5 369.7 374.3 377.8 386.8 387.1 387.9 391.7 394.9 399.6 
300.0 305.1 306.4 307.0 307.6 308.4 310.1 311.9 313.1 321.8 321.9 322.9 326.6 329.3 330.3 331.5 332.5 337.1 342.0 342.3 343.0 347.1 348.8 353.9 357.6 359.3 360.2 361.1 366.9 367.6 370.2 372.5 376.4 380.3 381.5 382.3 385.6 385.7 387.2 388.1 390.2 390.7 391.8 391.9 392.6 393.6 394.6 394.7 398.3 399.2 
302.2 304.3 310.1 310.5 314.3 318.4 325.3 327.9 333.0 335.1 336.1 336.7 343.7 344.8 348.2 350.4 353.7 355.3 359.3 360.5 367.7 377.3 378.6 380.6 380.9 382.9 383.6 383.7 384.9 391.7 393.4 394.2 394.3 394.7 395.7 396.1 397.8 
306.7 365.6 367.2 367.8 372.1 378.5 379.1 385.8 
307.2 311.7 324.5 330.2 336.8 339.3 340.1 340.8 360.3 363.5 367.3 383.6 397.9 
313.4 317.0 331.0 



























































































































