784










































































































































































































3.6 19.3 21.2 30.5 34.9 37.7 40.1 44.4 47.9 48.1 53.4 67.4 67.9 76.6 94.3 94.5 95.7 98.1 
2.0 3.8 10.6 15.0 17.5 20.1 20.3 21.0 22.0 28.1 33.1 34.7 39.0 40.0 43.1 44.3 50.2 51.4 57.7 59.3 62.7 63.8 64.7 68.8 74.4 77.8 81.0 83.8 84.4 86.0 88.2 93.6 94.2 95.3 96.4 96.6 98.6 
2.2 6.2 13.3 19.4 31.6 33.9 36.1 37.5 40.8 44.8 47.7 48.3 50.5 51.8 66.7 67.1 70.8 73.4 77.4 81.0 83.6 86.1 91.3 
2.4 2.8 6.3 6.8 7.9 11.1 16.0 21.6 28.8 30.2 38.8 40.0 41.4 41.7 47.4 47.8 49.5 54.8 59.6 59.9 61.3 62.9 66.4 66.8 67.2 72.7 87.9 88.7 88.8 90.2 90.3 91.5 92.3 93.6 96.4 99.2 
3.4 4.9 15.7 17.5 19.3 19.9 24.8 25.8 31.1 34.0 49.5 80.4 80.9 83.9 97.8 
5.2 65.7 74.6 77.7 88.3 91.6 






















1.1 7.6 7.8 10.1 12.4 12.9 14.6 17.0 17.2 18.6 21.7 28.5 28.6 28.7 28.8 29.8 31.5 43.2 44.1 44.2 44.4 48.4 51.7 58.3 58.8 61.1 62.0 63.7 64.7 65.6 72.4 73.9 74.0 77.0 80.4 81.7 82.5 83.8 84.8 89.8 89.9 90.2 92.0 94.7 96.9 
6.0 9.0 10.4 11.5 13.7 18.2 19.3 22.7 24.3 27.9 29.4 32.6 34.9 37.1 42.5 45.4 48.4 49.5 51.0 54.6 56.5 57.6 58.7 60.7 63.7 64.6 68.6 75.0 78.2 78.3 79.4 80.0 85.2 87.2 87.3 87.7 88.8 89.6 95.7 97.3 
3.3 3.6 4.1 5.0 5.1 5.8 11.4 11.6 13.6 14.0 14.2 14.3 16.9 17.8 18.3 19.5 19.6 19.9 22.4 24.5 27.5 32.1 32.3 34.1 34.9 38.4 43.7 46.8 49.8 54.2 57.1 57.9 58.3 58.6 58.7 59.2 63.6 64.3 67.2 68.0 69.4 69.8 71.4 72.6 74.1 76.8 79.0 79.7 80.5 80.9 83.2 86.2 87.5 90.9 91.2 93.0 93.2 95.7 96.4 97.1 97.5 98.8 
1.9 3.6 7.2 8.6 12.1 14.7 15.6 15.7 18.2 22.7 23.0 25.6 25.9 26.3 27.7 29.4 30.9 33.7 34.1 35.1 40.1 43.3 46.0 47.4 48.0 52.0 52.7 56.0 62.7 70.2 77.3 83.2 84.8 85.6 85.9 88.3 88.6 91.9 92.6 94.4 
2.8 10.0 11.7 13.9 18.8 19.4 19.6 20.2 21.5 22.0 22.6 24.3 25.4 26.3 30.9 31.2 34.5 34.7 35.1 38.5 39.8 40.9 41.9 44.7 45.7 46.4 46.9 47.1 49.3 51.0 52.1 54.1 56.1 59.8 65.5 69.7 69.9 71.6 72.2 74.4 75.4 77.0 77.7 81.6 81.9 82.3 83.4 85.3 86.0 91.6 91.9 94.7 97.3 97.7 
2.2 6.9 10.2 16.7 17.5 17.7 21.7 21.9 22.7 23.5 23.6 27.4 30.7 31.8 38.5 41.8 50.7 52.6 53.9 54.8 58.7 60.4 60.5 61.7 65.0 65.2 65.3 69.6 71.7 72.3 73.6 76.5 77.1 80.4 84.8 90.3 91.5 
0.8 3.7 4.8 7.0 8.8 9.7 10.3 10.6 12.8 13.8 19.7 21.1 24.9 31.3 33.5 34.6 35.8 37.1 40.3 45.7 47.2 49.0 49.6 51.3 52.4 53.9 55.2 61.5 61.7 64.2 64.6 65.5 67.2 70.8 72.4 75.3 76.4 78.2 80.5 84.9 92.3 94.0 94.8 96.1 
2.8 5.5 7.4 11.0 12.3 14.9 16.3 17.2 18.0 25.2 30.6 32.7 33.8 40.6 41.4 42.2 43.4 43.5 47.0 47.2 47.5 49.2 50.2 51.3 51.9 52.1 54.6 56.6 57.4 59.6 59.8 65.4 71.6 74.1 74.4 74.6 76.5 81.5 83.4 83.8 84.3 84.9 85.8 86.4 91.6 93.2 
0.6 1.1 1.6 3.6 3.7 5.8 8.0 11.6 14.1 17.7 18.8 22.7 29.3 29.8 31.4 34.6 39.8 40.6 42.1 47.5 48.6 50.8 51.6 55.0 56.2 63.4 65.3 65.5 66.3 75.0 76.9 80.0 84.6 85.2 85.9 90.1 91.2 93.1 97.3 
0.4 2.5 4.6 9.3 18.0 23.4 24.6 26.4 29.7 34.9 36.4 37.6 45.5 47.4 49.3 49.6 51.3 53.8 55.2 57.2 58.0 59.1 59.4 65.9 66.9 67.6 71.1 77.0 78.9 80.4 84.3 84.5 85.2 87.9 91.2 92.5 95.9 
0.5 0.6 0.8 1.7 1.8 3.1 5.4 6.8 11.8 12.6 13.4 18.8 23.4 28.3 32.9 35.4 36.3 38.6 39.9 42.2 44.1 45.0 45.4 48.3 51.0 52.5 53.2 55.4 56.6 57.1 58.3 60.2 64.6 65.8 66.3 66.4 67.8 71.6 74.1 76.0 79.6 82.1 90.0 97.2 97.5 98.8 99.4 
2.9 8.3 10.3 10.4 13.5 15.7 20.1 20.4 24.5 24.8 26.0 27.9 28.5 30.5 32.0 35.4 36.0 36.1 39.7 40.0 40.5 40.6 41.0 46.1 48.7 58.1 60.2 64.5 68.4 86.7 87.9 88.5 89.4 90.9 92.1 93.7 94.6 
7.1 17.8 19.0 25.2 26.7 31.7 35.2 39.9 40.3 43.8 44.0 44.9 47.6 51.5 53.7 54.5 55.5 57.6 57.9 58.6 62.8 65.1 66.8 68.8 72.5 75.6 78.3 81.7 81.9 85.8 86.3 87.4 91.0 94.4 94.7 96.7 97.2 
0.2 1.1 3.1 3.4 4.4 5.3 5.6 6.4 9.1 11.1 12.7 20.8 24.5 24.7 37.8 38.8 38.9 43.5 43.7 46.7 51.4 52.3 76.9 79.6 80.9 81.8 82.2 82.5 84.3 90.8 91.3 92.4 94.3 94.7 96.7 96.8 
3.2 3.5 8.5 10.8 12.2 16.1 19.4 19.8 21.3 22.6 26.2 29.4 35.4 41.5 43.3 43.7 46.4 54.4 55.1 59.3 59.9 63.1 65.7 71.0 72.8 74.0 77.7 89.9 90.0 94.5 95.4 98.1 98.5 
17.1 20.3 40.3 61.8 68.9 71.8 85.9 93.3 












42.1 43.7 47.2 58.1 68.7 76.7 94.1 97.2 
0.1 1.4 6.9 12.7 19.0 21.4 24.1 24.7 25.9 32.1 35.3 37.8 38.8 39.2 46.5 49.7 49.8 58.7 59.1 62.2 68.8 70.8 76.5 87.8 88.5 89.2 89.9 91.1 91.5 99.1 
8.8 9.7 12.5 18.0 18.5 26.0 50.7 54.3 59.3 81.8 85.4 89.2 93.6 
7.4 14.2 17.6 18.7 22.7 36.4 44.2 48.3 51.5 54.7 54.8 62.1 62.7 65.3 68.1 78.1 78.8 86.6 87.1 88.3 91.2 93.1 94.8 95.7 
0.2 3.6 7.6 12.7 13.6 16.8 18.7 33.6 34.3 35.7 44.7 45.5 52.9 57.0 60.5 60.9 62.7 63.1 70.9 83.7 84.4 84.5 85.8 88.8 89.7 90.3 90.7 91.4 94.5 
1.8 9.8 10.3 11.5 12.9 17.8 18.6 19.4 21.4 26.3 30.5 36.0 43.6 49.0 50.5 52.3 52.8 58.9 59.2 62.7 63.5 63.9 64.3 65.5 65.8 66.0 70.9 74.6 74.8 77.9 79.4 83.7 83.9 86.3 88.8 91.4 94.8 
0.1 0.3 1.2 1.3 2.4 4.5 9.3 11.7 14.8 18.2 19.9 21.0 22.7 23.1 24.5 24.6 25.8 28.3 29.9 31.0 32.3 33.0 34.3 38.5 40.7 41.5 42.2 42.9 44.1 45.0 46.5 50.2 50.3 52.3 52.8 54.4 55.3 59.9 60.1 64.6 64.9 69.7 71.8 73.9 77.4 77.6 78.3 79.1 79.9 80.5 80.8 84.7 86.3 92.6 93.5 94.2 94.8 97.3 97.9 98.3 99.3 
1.7 3.1 9.0 10.7 10.8 16.0 21.0 21.4 22.0 27.2 30.0 31.6 36.2 39.3 40.9 43.3 43.5 51.7 53.6 53.8 53.9 54.0 60.6 64.4 66.0 67.9 68.5 70.2 74.7 77.8 78.3 79.9 80.6 81.6 92.8 95.8 98.0 
2.4 5.5 8.1 10.9 12.1 13.0 20.6 20.7 21.4 21.7 23.5 23.7 24.1 26.2 29.8 32.6 35.5 35.7 36.6 38.9 41.8 42.6 45.4 49.5 52.1 53.1 56.0 61.9 62.1 64.5 69.9 71.9 77.3 82.2 84.3 85.3 86.0 92.4 92.6 93.4 96.2 99.1 
0.8 0.9 9.0 12.1 20.4 23.5 23.7 25.5 28.2 31.0 38.3 39.9 40.6 43.0 44.2 44.8 46.5 47.3 47.5 49.0 50.7 50.9 51.0 51.4 56.0 58.6 62.5 63.7 64.1 64.5 66.8 68.7 70.2 71.2 76.3 76.6 81.1 82.1 83.9 84.1 85.9 87.3 87.6 87.7 94.1 97.0 98.9 99.4 99.9 
1.3 2.6 3.8 5.1 10.7 11.5 15.7 21.9 29.0 29.1 31.3 32.9 33.2 37.9 38.5 38.7 39.6 42.0 46.3 46.6 47.3 49.8 50.0 50.4 51.4 51.5 54.2 55.2 56.3 63.2 68.0 71.2 76.0 77.6 78.0 78.6 78.9 79.5 84.8 87.2 88.5 91.9 93.5 93.8 98.8 
0.7 1.9 3.0 5.7 6.3 8.9 12.4 18.5 22.5 22.6 25.0 25.1 27.3 29.0 29.5 30.0 36.7 37.0 37.8 39.6 44.3 45.9 47.0 48.5 48.6 50.2 50.8 52.5 56.4 56.7 58.2 60.7 64.7 65.1 66.0 69.1 69.4 72.9 75.7 81.1 81.6 81.7 81.9 84.4 91.6 93.5 95.4 97.4 97.9 
13.3 16.1 19.0 20.2 29.0 30.0 30.5 31.5 31.7 35.4 38.1 40.6 41.4 42.1 42.3 44.1 47.2 49.4 50.2 50.3 50.4 50.9 52.1 53.1 53.2 53.6 54.0 57.5 57.6 61.6 64.8 70.1 72.4 73.1 73.7 74.2 75.4 78.6 81.0 81.3 91.5 91.8 92.1 95.8 
1.3 2.1 6.4 13.8 17.7 20.1 21.5 23.4 27.4 30.0 30.1 33.1 37.5 39.4 40.2 43.3 50.3 50.7 55.2 60.8 62.5 63.9 65.0 65.6 73.7 76.1 76.3 76.5 87.7 95.2 95.8 
2.0 3.5 4.3 4.4 6.7 10.4 11.8 14.8 16.6 17.3 22.1 24.3 27.0 28.2 30.1 31.7 32.5 33.9 36.8 38.7 43.0 43.8 44.1 47.0 49.0 54.6 55.7 57.0 57.2 57.6 60.3 61.7 64.0 65.0 65.6 67.2 69.9 70.5 70.8 72.6 75.0 78.5 84.1 90.0 94.9 95.3 98.2 98.7 99.2 
5.7 6.9 10.0 13.6 15.4 21.3 26.1 36.2 39.5 39.7 40.0 40.2 44.1 68.5 76.0 77.6 79.9 80.2 86.0 90.1 90.8 

















13.6 
1.7 1.9 17.0 33.9 42.8 44.6 51.9 62.7 81.8 95.5 
12.6 25.8 
0.7 2.4 17.0 20.4 20.6 21.9 23.2 36.1 36.8 39.8 40.1 42.7 67.9 77.7 78.0 83.6 89.1 89.9 94.6 98.4 98.8 
0.1 2.8 4.9 5.0 19.4 49.3 60.5 62.2 64.4 72.2 84.6 85.1 
1.9 4.7 17.9 26.4 29.2 37.5 39.1 42.9 43.4 45.1 63.9 67.5 81.8 86.2 87.5 
3.6 18.8 40.1 40.8 49.1 51.6 53.0 56.2 57.5 80.2 82.4 91.3 
28.2 40.8 46.7 56.2 80.7 82.1 
2.0 2.4 4.6 6.8 13.1 14.0 15.6 16.8 17.9 18.8 18.9 20.3 22.2 24.1 29.4 29.9 30.2 31.7 32.7 33.0 33.7 34.5 37.3 39.8 41.5 41.8 44.0 44.5 45.4 46.7 47.6 53.9 57.3 59.5 60.8 61.3 65.2 71.0 75.3 75.4 75.6 75.7 78.5 79.4 80.6 81.8 82.2 84.6 85.3 86.6 87.5 89.0 92.7 93.3 
2.2 2.8 4.1 5.2 8.4 8.8 14.0 15.9 16.8 17.5 19.0 20.7 21.6 22.7 27.7 27.9 28.5 30.7 32.3 34.2 34.4 34.5 35.1 36.2 36.7 42.9 43.7 46.8 51.7 53.6 56.9 59.1 62.6 65.9 66.0 67.0 68.1 69.7 69.9 71.9 73.4 73.7 74.0 80.5 81.9 82.2 83.6 83.7 85.0 86.4 86.8 88.3 89.4 89.6 93.5 94.5 94.7 97.7 97.9 
3.8 27.1 41.4 44.5 47.6 55.0 58.5 67.3 67.8 68.0 74.1 80.2 89.9 
























2.7 10.7 17.9 21.7 46.1 47.4 49.6 56.3 58.6 76.6 82.5 87.8 88.1 94.6 
0.9 2.7 5.5 5.6 5.7 7.0 7.4 8.1 8.4 10.9 15.0 16.4 21.1 23.7 24.6 25.2 30.5 33.4 39.2 43.1 44.3 46.4 49.8 51.0 52.3 54.4 54.7 57.4 61.3 62.5 66.1 66.8 68.7 71.6 72.4 73.0 73.1 73.9 75.0 75.5 76.9 77.8 79.5 90.1 93.5 95.1 96.3 99.4 
1.4 5.0 6.3 7.8 7.9 8.5 13.0 16.4 19.1 20.6 23.1 25.8 28.0 28.1 29.5 30.5 30.7 31.8 33.2 38.0 38.2 44.0 48.2 48.9 53.7 55.4 57.1 57.4 58.2 59.1 65.3 67.0 68.4 71.0 72.1 78.2 85.7 89.1 89.5 91.7 95.0 
15.7 21.8 23.8 71.4 86.0 























3.6 10.5 20.3 21.4 31.5 51.2 61.8 71.9 72.5 
0.5 0.7 3.6 7.1 7.3 7.7 8.5 10.2 13.2 15.2 19.1 19.6 19.9 20.4 22.4 27.1 29.6 31.2 31.7 37.3 41.3 42.1 43.1 45.2 47.3 54.4 60.2 60.8 72.7 73.9 76.7 83.2 83.6 85.1 89.7 91.6 93.4 97.0 
3.0 3.5 3.7 8.6 9.7 14.7 15.6 16.7 17.7 19.6 20.2 25.3 25.8 27.4 27.8 28.9 29.1 29.7 30.2 30.3 32.7 36.1 43.1 43.7 45.4 47.2 50.4 50.7 51.9 52.9 54.6 58.7 61.2 62.5 63.6 64.8 67.3 67.7 68.0 69.9 70.5 72.6 74.9 76.2 76.3 78.4 78.8 81.0 81.7 84.9 85.3 86.1 91.4 94.2 95.6 99.0 
2.6 4.0 12.6 13.7 14.0 14.4 16.1 24.2 26.7 66.8 67.6 79.4 90.1 
























0.5 0.8 1.6 4.2 4.3 6.4 6.6 10.0 23.1 34.7 36.5 41.1 58.9 59.3 72.1 73.2 78.2 80.5 83.0 94.4 97.9 
0.7 5.1 6.0 7.2 8.9 9.7 18.0 21.0 21.2 22.9 28.4 31.5 32.4 34.0 39.0 41.1 43.6 45.3 50.5 51.8 52.7 54.7 55.5 55.7 62.7 64.6 66.3 68.0 80.5 85.6 88.5 88.6 88.9 90.6 91.2 92.0 94.6 95.5 96.6 97.8 
2.5 3.1 5.2 8.1 10.1 10.4 10.5 11.7 13.9 14.1 14.5 19.0 21.2 23.8 25.5 31.6 31.8 32.1 32.9 33.4 37.9 41.9 43.4 43.8 46.5 48.0 56.5 56.7 56.8 63.3 63.4 67.0 67.9 68.4 72.3 72.6 73.0 73.2 73.9 75.2 75.3 75.9 82.6 85.6 88.1 89.6 93.7 95.0 95.5 95.6 96.0 97.2 99.4 
11.9 13.9 14.4 19.8 21.6 41.4 52.6 55.9 59.3 67.4 68.5 73.9 86.6 97.4 97.9 98.7 























15.7 25.7 31.6 33.5 34.3 37.5 42.8 44.9 46.9 51.7 56.5 70.0 76.0 94.0 94.8 95.1 98.3 
1.2 7.6 11.0 16.6 18.0 18.2 22.5 27.4 28.9 35.9 36.2 37.9 38.5 40.0 44.1 44.3 44.5 47.4 50.7 56.9 57.2 57.7 61.5 65.3 68.5 69.4 71.6 73.8 75.9 78.0 80.5 83.7 85.0 85.8 89.8 90.6 91.9 93.1 94.1 94.6 99.2 
2.4 3.4 3.7 4.1 4.9 5.0 6.2 7.3 8.1 8.3 10.1 15.9 17.0 18.1 21.4 22.6 25.7 28.4 30.3 30.4 31.2 34.2 39.2 39.6 43.2 44.3 45.3 45.8 47.7 50.2 50.9 52.3 52.7 53.4 55.6 64.2 72.7 73.5 75.9 76.6 77.4 77.6 84.6 85.7 86.4 87.4 89.6 93.2 94.3 96.3 96.9 97.9 98.2 
4.1 14.1 15.2 29.8 37.2 56.9 71.6 78.8 82.2 87.2 97.6 
























4.5 9.4 12.4 15.2 19.2 19.8 28.0 31.9 37.1 38.8 45.5 47.4 47.5 53.2 61.2 63.9 65.0 65.6 65.7 68.6 74.6 77.7 79.6 91.3 95.8 98.8 
0.2 1.3 4.4 5.8 7.8 8.7 9.4 9.7 11.5 13.2 13.9 14.2 15.0 24.1 24.3 25.3 25.5 28.5 29.8 32.2 34.2 35.4 38.0 41.5 41.7 44.6 50.6 51.0 56.1 57.8 61.5 63.9 69.6 72.4 75.6 84.6 86.8 87.6 88.8 91.6 96.5 97.4 99.0 
0.2 5.7 7.1 10.7 13.0 15.8 16.1 17.4 19.4 21.6 24.2 31.8 35.0 40.2 43.6 50.6 55.2 57.6 58.6 63.1 67.2 69.2 69.4 71.9 74.8 76.1 78.2 80.9 81.7 82.8 83.9 88.3 88.6 94.2 94.5 94.8 95.0 98.8 
16.8 























14.4 17.1 19.2 85.5 
0.5 12.7 14.0 28.9 29.2 30.1 34.4 40.8 41.3 43.3 50.9 54.6 56.4 57.8 60.1 63.2 66.4 71.5 73.4 76.1 78.0 80.5 87.6 88.9 89.6 92.4 92.7 93.6 93.7 93.8 97.0 97.7 
1.1 2.9 5.9 7.4 11.4 12.2 16.5 19.2 19.5 21.8 23.7 27.2 37.7 45.2 47.4 48.3 48.5 49.6 52.0 52.3 56.0 57.3 63.9 64.1 66.4 72.9 76.8 82.9 84.2 84.3 84.4 86.1 86.7 88.8 91.1 92.2 93.5 
28.1 29.5 57.4 83.0 86.5 
























3.7 7.7 8.5 21.4 27.1 27.9 33.5 37.2 40.7 53.1 53.2 55.4 56.2 57.4 68.4 70.2 71.2 71.8 72.4 75.2 75.4 75.5 76.1 90.9 
2.6 3.0 3.1 5.5 7.3 8.1 9.0 17.6 18.7 21.7 22.5 24.9 25.4 25.6 27.6 27.7 28.8 29.7 29.9 32.8 34.6 35.1 39.7 40.4 40.6 40.7 42.9 43.1 43.8 48.6 48.7 49.0 54.1 56.4 57.7 58.3 58.5 60.9 64.7 67.7 70.8 71.4 74.5 74.9 79.3 81.4 81.8 82.0 83.4 83.6 85.5 87.8 90.0 91.2 97.0 97.1 97.3 
3.4 5.8 7.0 12.9 14.8 17.6 19.1 21.3 22.5 25.6 28.3 33.4 44.0 46.3 47.1 48.8 59.6 60.7 60.8 61.0 63.4 69.3 69.7 70.7 74.1 77.0 77.6 78.6 80.1 82.7 83.2 83.8 87.6 90.3 94.0 96.4 98.0 98.3 
























3.2 4.2 10.3 12.0 15.8 28.7 41.5 41.7 53.2 53.6 58.9 67.2 73.7 78.6 79.0 85.1 88.9 94.9 
0.1 1.3 1.9 3.2 7.5 7.6 8.1 11.5 11.9 12.7 14.2 14.4 15.2 15.3 18.5 19.3 20.4 21.1 22.6 22.8 23.2 28.3 31.4 33.9 37.9 41.8 42.0 42.1 42.2 43.8 45.2 47.5 48.0 48.5 49.2 52.8 53.2 53.9 56.7 58.2 59.0 61.0 67.3 76.7 78.8 79.9 80.0 80.1 81.4 83.3 83.8 94.3 95.8 98.1 99.4 
3.3 5.3 5.4 6.7 9.6 11.2 12.1 18.8 20.6 21.3 23.8 24.1 24.8 25.9 26.8 27.8 29.1 32.0 36.0 36.4 38.8 40.4 44.5 46.0 47.4 50.4 52.6 54.2 58.1 60.1 62.5 63.2 64.5 67.6 67.9 73.9 77.0 83.3 85.1 86.6 87.4 90.0 91.8 95.1 99.9 
0.4 2.4 6.2 7.2 25.5 28.0 50.1 58.9 66.1 95.9 97.0 97.3 























9.6 13.5 31.9 81.8 83.8 
3.1 4.7 5.5 7.8 7.9 10.2 11.1 11.5 13.3 16.0 17.9 21.4 23.2 23.4 27.8 29.0 29.3 29.8 34.2 35.4 40.0 41.7 42.8 44.8 46.2 46.4 47.8 51.3 51.9 57.3 58.4 69.3 70.7 73.0 74.2 75.4 77.6 77.9 78.3 84.9 86.1 86.8 86.9 89.1 90.7 90.9 97.6 
2.1 2.7 14.6 16.4 17.2 19.9 21.8 23.1 26.6 27.4 31.4 31.6 33.6 34.6 40.9 43.7 46.1 46.4 49.3 50.4 50.8 51.7 53.8 60.9 61.1 66.4 67.8 68.0 69.2 71.2 71.5 79.1 80.6 86.7 87.6 88.7 89.1 90.8 93.6 93.8 96.0 99.7 
4.6 5.3 6.9 7.9 8.0 8.8 18.1 20.4 29.0 30.9 35.3 36.1 38.5 39.0 46.9 53.3 55.7 56.2 56.6 57.7 58.0 62.5 72.3 77.5 79.9 81.6 84.1 90.9 93.0 























92.6 
0.8 5.9 6.5 11.7 12.6 14.0 14.9 17.7 19.0 19.6 21.9 24.0 30.8 32.7 33.6 38.9 46.0 48.1 49.6 53.4 56.8 64.7 69.6 70.4 76.5 78.0 82.7 83.1 84.7 85.2 86.5 87.7 96.7 97.6 98.6 
2.8 3.3 5.0 5.9 6.0 9.7 9.9 13.1 17.6 21.9 22.6 22.9 23.1 25.4 28.6 29.3 30.0 30.4 31.7 32.7 32.9 34.3 34.9 35.8 37.6 40.0 41.7 45.6 46.3 47.1 47.4 48.5 48.8 50.7 51.9 53.8 55.1 58.0 60.8 61.2 62.7 64.1 67.3 72.7 78.8 85.0 88.0 88.2 90.5 91.7 93.1 93.5 93.7 95.6 96.2 97.3 98.8 
0.2 7.5 9.2 11.9 19.7 19.8 26.3 27.4 27.7 32.4 45.4 46.2 47.0 47.2 54.1 60.9 61.8 65.8 67.3 70.2 70.8 71.7 76.2 80.4 87.6 91.1 94.7 
13.2 69.3 90.7 93.4 























1.9 3.6 13.0 38.8 40.0 44.7 45.1 60.6 77.5 78.3 82.4 88.6 96.7 97.1 
0.1 1.5 4.8 9.8 9.9 10.2 13.7 15.3 15.5 23.4 24.0 28.6 33.8 34.8 38.9 40.3 41.9 44.2 45.5 45.9 46.5 48.5 49.2 50.3 51.5 52.3 53.4 54.3 55.0 55.5 57.5 58.4 58.5 60.4 61.2 63.2 63.7 65.6 66.7 67.8 67.9 68.9 70.2 81.2 82.5 84.3 85.1 85.6 91.7 95.6 99.9 
2.8 6.5 9.5 9.6 10.1 12.2 15.3 16.1 17.7 18.3 20.0 21.7 24.5 26.1 28.8 29.2 34.0 35.9 48.1 49.3 49.4 50.6 51.3 52.7 63.1 64.3 65.3 65.4 66.2 68.3 68.6 82.0 84.8 87.1 88.8 96.6 
22.0 30.4 32.4 37.8 53.3 54.7 56.0 59.5 59.8 60.4 61.3 69.0 72.2 86.6 88.8 























51.0 58.7 80.1 
4.3 7.3 8.1 9.8 10.6 10.8 13.1 15.3 17.1 18.6 23.0 26.2 30.3 32.6 32.9 34.6 37.9 38.6 40.6 40.7 42.3 42.8 43.1 44.3 51.6 54.7 56.2 56.6 57.2 58.3 58.5 58.9 61.5 61.7 63.5 66.0 66.6 69.4 70.4 70.7 71.4 73.5 74.0 74.2 76.4 78.1 79.6 80.0 82.1 84.1 84.2 87.6 93.3 94.9 95.6 96.0 97.4 
0.1 0.3 0.6 3.4 9.3 10.4 13.2 14.4 16.6 17.3 20.2 20.3 21.6 22.6 24.0 26.0 26.6 28.6 29.4 29.8 30.1 32.9 33.7 35.8 36.2 40.5 45.3 46.6 47.5 48.4 48.8 55.6 57.2 57.3 60.9 61.1 62.0 67.9 69.6 71.6 73.7 77.5 79.3 82.9 84.7 85.4 88.5 89.6 89.7 90.7 92.0 92.9 93.2 96.1 96.4 
1.8 6.7 8.1 18.4 22.5 25.5 27.1 40.5 46.9 54.9 59.5 59.9 63.3 67.6 69.0 74.7 77.0 90.5 94.2 95.8 97.3 98.0 
























0.3 11.9 13.1 18.0 21.2 29.3 30.3 34.4 35.3 35.8 39.3 40.9 45.9 46.0 53.6 54.3 54.5 57.1 69.9 79.5 82.4 84.6 89.1 92.4 98.9 
2.8 2.9 7.6 8.8 9.1 9.6 11.3 12.8 16.7 17.5 18.6 21.0 28.0 29.2 29.3 33.9 36.9 39.8 43.4 46.7 50.8 53.3 55.2 56.0 56.2 57.3 58.7 59.2 61.0 61.5 64.8 71.4 73.3 75.4 76.5 77.4 78.2 79.5 79.8 81.4 82.5 82.8 84.1 84.2 88.0 89.3 89.5 90.2 90.6 91.8 92.9 93.2 93.5 93.8 94.0 96.0 
0.5 1.0 1.2 1.6 1.9 4.3 4.6 5.3 6.7 7.7 9.3 10.8 11.6 12.2 14.0 15.3 17.3 17.9 23.3 23.8 29.1 29.3 32.3 35.1 35.7 38.4 39.6 42.6 43.3 44.5 47.4 48.2 48.8 51.0 51.8 52.3 53.6 54.6 57.5 57.8 57.9 58.1 60.5 61.5 62.6 65.6 71.9 73.0 74.5 76.4 77.8 80.0 81.2 83.8 85.6 87.1 88.6 89.9 90.6 93.4 96.4 96.9 97.6 97.8 
8.6 12.7 16.4 53.3 72.3 79.4 























11.1 16.4 16.8 42.2 70.8 75.6 83.5 84.0 
2.0 12.4 13.5 13.8 15.7 16.8 19.3 24.1 29.0 31.1 32.4 33.1 36.8 38.6 39.2 39.3 41.1 42.1 42.3 42.7 44.1 53.4 53.9 54.9 55.1 56.5 58.1 58.5 61.2 67.5 68.2 69.5 72.6 73.3 74.2 76.3 77.0 78.0 78.4 79.2 79.8 83.5 83.9 87.8 89.1 90.5 93.2 93.6 96.1 96.3 97.2 
1.8 3.5 6.1 7.0 9.6 12.7 12.9 14.4 14.7 17.3 18.8 22.3 23.5 24.4 25.9 27.3 29.5 30.6 30.8 32.2 36.4 39.7 42.2 44.2 50.1 50.7 51.2 51.7 53.9 57.8 59.3 62.7 63.6 64.0 65.2 66.3 66.8 67.0 69.3 69.7 71.1 71.3 74.8 75.5 79.2 81.9 82.8 88.2 88.8 90.6 93.7 96.7 
0.0 3.2 5.0 5.3 8.6 9.9 13.1 14.6 17.0 18.7 19.1 20.1 20.8 22.7 25.5 25.8 26.1 27.1 29.9 34.0 38.4 39.1 40.8 41.6 42.5 42.7 44.8 44.9 46.0 47.1 47.3 47.9 58.6 59.7 62.0 64.9 66.5 70.4 70.6 71.4 76.1 77.8 79.1 82.4 84.0 85.8 87.8 88.1 89.7 89.9 90.9 92.3 94.8 94.9 96.2 97.0 98.3 
27.9 38.8 96.2 























2.8 3.8 7.9 10.9 18.9 21.5 23.8 26.0 32.0 35.7 38.6 39.9 50.4 54.4 55.0 58.0 58.1 62.5 65.0 65.2 66.2 67.0 67.3 75.4 77.5 78.0 82.5 87.6 
0.2 1.0 6.0 9.3 12.0 13.6 13.9 16.5 20.6 21.3 25.5 27.0 27.2 28.3 32.0 33.9 34.2 34.8 38.7 42.8 44.6 44.8 46.1 47.9 52.0 53.1 54.4 56.9 58.6 64.6 66.2 67.0 67.2 67.7 72.6 79.1 81.3 84.7 86.1 88.9 90.7 98.8 99.1 99.9 
2.3 3.3 3.4 4.9 6.4 6.6 9.4 9.5 10.6 14.3 14.4 16.1 17.9 27.3 29.3 29.7 33.4 34.4 36.2 36.7 39.0 41.6 55.0 56.0 59.9 60.7 61.6 62.0 66.9 67.2 79.3 79.7 81.4 87.6 91.4 91.7 94.9 95.7 
3.1 5.1 8.4 8.7 14.1 15.1 16.9 20.1 20.2 23.1 27.3 32.3 35.8 37.7 39.7 42.8 45.5 49.8 50.6 51.9 53.6 53.9 55.7 55.8 57.8 62.2 63.2 63.3 63.8 67.7 68.6 70.3 73.1 77.1 77.9 78.8 83.7 83.8 84.4 86.5 90.2 90.4 91.8 92.6 95.0 96.5 97.4 
11.7 24.2 28.1 35.3 41.1 52.4 66.8 67.3 67.4 79.8 83.8 88.5 























6.4 7.1 15.3 18.0 24.3 33.9 35.2 38.1 48.1 53.9 54.5 59.0 72.2 76.0 76.7 79.5 80.0 81.0 85.3 89.3 93.5 96.8 97.6 98.0 
0.8 2.1 10.6 13.2 13.6 21.0 21.7 24.9 25.4 28.6 29.9 30.2 32.5 33.2 35.3 35.8 37.8 38.2 38.5 41.0 42.0 42.4 42.8 44.5 45.7 50.4 52.5 53.1 57.4 60.4 61.6 62.8 70.8 72.7 73.6 78.7 82.8 84.1 86.5 87.1 88.0 88.3 88.4 88.6 90.7 95.4 96.9 
8.5 8.8 9.6 10.4 18.3 18.7 20.1 20.3 25.5 26.4 27.0 30.3 33.5 34.4 35.0 36.8 40.2 40.5 41.8 42.3 44.0 45.1 49.3 53.1 54.6 65.9 70.7 70.8 71.5 74.8 75.7 81.1 85.6 85.8 89.7 90.9 95.8 98.0 
62.6 76.1 76.4 










































