7387
98 0 0.5
98 71 0.5
99 71 0.5
101 96 0.5
102 1 0.5
104 47 0.5
123 54 0.5
123 98 0.5
124 51 0.5
124 54 0.5
124 77 0.5
124 98 0.5
125 0 0.5
125 51 0.5
125 54 0.5
125 59 0.5
125 77 0.5
126 0 0.5
126 33 0.5
126 54 0.5
126 59 0.5
126 62 0.5
126 71 0.5
126 77 0.5
127 33 0.5
127 54 0.5
127 59 0.5
127 62 0.5
127 66 0.5
127 71 0.5
127 77 0.5
127 88 0.5
127 93 0.5
127 97 0.5
128 54 0.5
128 59 0.5
128 62 0.5
128 66 0.5
128 88 0.5
128 93 0.5
128 96 0.5
129 1 0.5
129 59 0.5
129 62 0.5
129 72 0.5
129 83 0.5
129 88 0.5
129 96 0.5
130 1 0.5
130 62 0.5
130 72 0.5
131 47 0.5
131 72 0.5
132 47 0.5
149 98 0.5
150 5 0.5
150 7 0.5
150 27 0.5
150 51 0.5
150 54 0.5
150 77 0.5
150 98 1
151 5 0.5
151 7 0.5
151 27 0.5
151 36 0.5
151 51 0.5
151 54 0.5
151 77 0.5
151 98 1
152 0 0.5
152 4 0.5
152 5 0.5
152 7 0.5
152 13 0.5
152 27 0.5
152 31 0.5
152 33 0.5
152 51 0.5
152 54 0.5
152 57 0.5
152 61 0.5
152 67 0.5
152 77 0.5
152 84 0.5
152 88 0.5
152 97 0.5
152 98 1
153 0 0.5
153 4 0.5
153 5 0.5
153 7 0.5
153 13 0.5
153 18 0.5
153 27 0.5
153 31 0.5
153 33 0.5
153 51 0.5
153 54 0.5
153 57 0.5
153 59 0.5
153 62 0.5
153 67 0.5
153 69 0.5
153 70 0.5
153 71 0.5
153 75 0.5
153 77 0.5
153 83 0.5
153 84 0.5
153 88 0.5
153 97 0.5
153 98 1
154 4 0.5
154 5 0.5
154 7 0.5
154 13 0.5
154 18 0.5
154 20 0.5
154 25 0.5
154 31 0.5
154 33 0.5
154 39 0.5
154 44 0.5
154 46 0.5
154 51 0.5
154 54 0.5
154 59 0.5
154 61 0.5
154 62 0.5
154 66 0.5
154 67 0.5
154 69 0.5
154 70 0.5
154 71 0.5
154 77 0.5
154 83 0.5
154 84 0.5
154 88 0.5
154 93 0.5
154 97 0.5
154 98 1
155 2 0.5
155 4 0.5
155 5 0.5
155 7 0.5
155 13 0.5
155 18 0.5
155 20 0.5
155 25 0.5
155 33 1
155 37 0.5
155 41 0.5
155 44 0.5
155 45 0.5
155 46 0.5
155 51 0.5
155 54 0.5
155 59 0.5
155 62 0.5
155 66 0.5
155 67 0.5
155 69 0.5
155 72 0.5
155 77 0.5
155 83 0.5
155 88 0.5
155 93 0.5
155 96 0.5
155 97 0.5
155 98 0.5
156 1 0.5
156 2 0.5
156 7 0.5
156 13 0.5
156 18 0.5
156 19 0.5
156 25 0.5
156 33 0.5
156 37 0.5
156 42 0.5
156 45 0.5
156 46 0.5
156 54 0.5
156 58 0.5
156 59 0.5
156 62 0.5
156 67 0.5
156 69 0.5
156 72 0.5
156 77 0.5
156 82 0.5
156 83 0.5
156 87 0.5
156 88 0.5
156 93 0.5
156 96 0.5
156 97 0.5
157 1 0.5
157 2 0.5
157 19 0.5
157 25 0.5
157 33 0.5
157 37 0.5
157 41 0.5
157 42 0.5
157 45 0.5
157 46 0.5
157 50 0.5
157 53 0.5
157 58 0.5
157 59 0.5
157 62 0.5
157 67 0.5
157 72 0.5
157 77 0.5
157 83 0.5
157 87 0.5
157 88 0.5
157 97 0.5
158 14 0.5
158 25 0.5
158 30 0.5
158 37 0.5
158 41 0.5
158 42 0.5
158 47 0.5
158 48 0.5
158 50 0.5
158 53 0.5
158 58 0.5
158 59 0.5
158 62 0.5
158 72 0.5
158 83 0.5
158 88 0.5
159 14 0.5
159 30 0.5
159 42 0.5
159 47 0.5
159 48 0.5
159 50 0.5
159 53 0.5
159 62 0.5
159 72 0.5
159 83 0.5
160 72 0.5
175 27 0.5
176 5 0.5
176 27 0.5
176 61 0.5
176 98 0.5
177 5 0.5
177 7 0.5
177 27 0.5
177 51 0.5
177 54 0.5
177 61 0.5
177 98 0.5
178 5 0.5
178 7 0.5
178 9 0.5
178 27 0.5
178 31 0.5
178 33 0.5
178 36 0.5
178 51 0.5
178 54 0.5
178 57 0.5
178 61 1
178 67 0.5
178 75 0.5
178 84 0.5
178 98 0.5
179 4 0.5
179 5 0.5
179 7 0.5
179 9 0.5
179 18 0.5
179 23 0.5
179 27 0.5
179 31 0.5
179 33 0.5
179 35 0.5
179 39 0.5
179 45 0.5
179 51 0.5
179 54 0.5
179 57 0.5
179 61 1
179 67 0.5
179 69 0.5
179 75 0.5
179 77 0.5
179 80 0.5
179 84 0.5
180 0 0.5
180 4 0.5
180 5 0.5
180 6 0.5
180 7 0.5
180 9 0.5
180 18 0.5
180 20 0.5
180 23 0.5
180 25 0.5
180 27 0.5
180 31 0.5
180 33 0.5
180 35 0.5
180 39 0.5
180 44 0.5
180 45 0.5
180 51 0.5
180 54 0.5
180 56 0.5
180 57 0.5
180 61 1
180 67 0.5
180 69 0.5
180 74 0.5
180 80 0.5
180 84 0.5
180 86 0.5
180 88 0.5
181 0 0.5
181 4 0.5
181 5 0.5
181 6 0.5
181 7 0.5
181 9 0.5
181 13 0.5
181 18 0.5
181 20 0.5
181 23 0.5
181 25 0.5
181 27 0.5
181 31 1
181 33 0.5
181 35 0.5
181 37 0.5
181 39 0.5
181 41 0.5
181 44 0.5
181 45 0.5
181 46 0.5
181 48 0.5
181 51 0.5
181 56 0.5
181 57 0.5
181 61 1
181 65 0.5
181 66 0.5
181 67 0.5
181 69 0.5
181 70 0.5
181 71 1
181 74 0.5
181 79 0.5
181 80 0.5
181 81 0.5
181 82 0.5
181 84 0.5
181 86 0.5
181 88 0.5
182 2 0.5
182 4 0.5
182 5 0.5
182 6 0.5
182 7 0.5
182 9 0.5
182 13 0.5
182 18 0.5
182 20 0.5
182 23 0.5
182 25 0.5
182 27 0.5
182 31 0.5
182 33 0.5
182 35 0.5
182 37 0.5
182 39 0.5
182 41 0.5
182 42 0.5
182 44 0.5
182 45 0.5
182 46 0.5
182 48 0.5
182 51 0.5
182 53 0.5
182 56 0.5
182 57 0.5
182 61 1
182 65 0.5
182 66 0.5
182 67 0.5
182 69 0.5
182 70 1
182 71 0.5
182 72 0.5
182 74 0.5
182 75 0.5
182 79 0.5
182 81 0.5
182 82 0.5
182 83 0.5
182 84 1
182 86 0.5
182 88 0.5
182 89 0.5
182 93 0.5
182 96 0.5
182 97 0.5
182 98 0.5
182 99 0.5
183 1 0.5
183 2 0.5
183 4 0.5
183 5 0.5
183 6 0.5
183 7 0.5
183 9 0.5
183 13 0.5
183 14 0.5
183 18 0.5
183 19 0.5
183 20 0.5
183 23 0.5
183 25 0.5
183 27 0.5
183 31 0.5
183 33 0.5
183 35 0.5
183 37 0.5
183 39 0.5
183 41 0.5
183 42 0.5
183 44 0.5
183 45 0.5
183 46 0.5
183 48 0.5
183 50 0.5
183 51 0.5
183 53 0.5
183 54 0.5
183 56 0.5
183 57 0.5
183 58 0.5
183 61 0.5
183 65 0.5
183 67 0.5
183 69 0.5
183 70 0.5
183 72 0.5
183 74 0.5
183 75 0.5
183 77 0.5
183 79 0.5
183 81 0.5
183 82 0.5
183 84 0.5
183 86 0.5
183 87 0.5
183 89 0.5
183 93 0.5
183 96 0.5
183 97 0.5
183 98 0.5
183 99 0.5
184 1 1
184 2 0.5
184 4 0.5
184 5 0.5
184 6 0.5
184 7 0.5
184 13 0.5
184 14 0.5
184 18 0.5
184 19 1
184 20 0.5
184 23 0.5
184 31 0.5
184 33 0.5
184 37 0.5
184 39 0.5
184 41 0.5
184 42 0.5
184 43 0.5
184 44 0.5
184 45 0.5
184 46 0.5
184 48 1
184 50 0.5
184 52 0.5
184 53 1
184 54 0.5
184 56 0.5
184 58 0.5
184 61 0.5
184 65 0.5
184 67 0.5
184 69 0.5
184 72 0.5
184 74 0.5
184 77 0.5
184 79 0.5
184 81 0.5
184 82 0.5
184 84 0.5
184 86 0.5
184 87 0.5
184 89 0.5
184 97 0.5
184 98 0.5
184 99 0.5
185 1 0.5
185 2 0.5
185 4 0.5
185 6 0.5
185 7 0.5
185 13 0.5
185 14 0.5
185 19 0.5
185 23 0.5
185 25 0.5
185 30 0.5
185 33 0.5
185 37 0.5
185 39 0.5
185 41 0.5
185 42 0.5
185 43 0.5
185 44 0.5
185 45 0.5
185 46 0.5
185 47 0.5
185 48 1
185 50 0.5
185 52 0.5
185 53 0.5
185 54 0.5
185 56 0.5
185 58 0.5
185 61 0.5
185 65 0.5
185 67 0.5
185 69 0.5
185 74 0.5
185 77 0.5
185 78 0.5
185 79 0.5
185 81 0.5
185 82 0.5
185 83 0.5
185 86 0.5
185 87 0.5
185 88 0.5
185 89 0.5
185 97 0.5
185 99 0.5
186 6 0.5
186 7 0.5
186 14 0.5
186 25 0.5
186 30 0.5
186 33 0.5
186 37 0.5
186 41 0.5
186 42 0.5
186 43 0.5
186 44 0.5
186 45 0.5
186 46 0.5
186 47 1
186 48 0.5
186 50 0.5
186 53 0.5
186 56 0.5
186 58 0.5
186 59 0.5
186 77 0.5
186 78 0.5
186 79 0.5
186 81 0.5
186 82 0.5
186 83 0.5
186 87 0.5
186 88 0.5
186 89 0.5
186 97 0.5
186 99 0.5
187 14 0.5
187 21 0.5
187 25 0.5
187 30 0.5
187 37 0.5
187 41 0.5
187 42 0.5
187 43 0.5
187 45 0.5
187 48 0.5
187 50 0.5
187 53 0.5
187 56 0.5
187 58 0.5
187 59 0.5
187 62 0.5
187 72 0.5
187 78 0.5
187 81 0.5
187 83 0.5
187 87 0.5
187 91 0.5
187 94 0.5
187 99 0.5
188 14 0.5
188 21 0.5
188 29 0.5
188 42 0.5
188 43 0.5
188 48 0.5
188 50 0.5
188 53 0.5
188 62 0.5
188 72 0.5
188 91 0.5
189 29 0.5
189 43 0.5
189 91 0.5
190 91 0.5
191 91 0.5
203 27 0.5
203 35 0.5
203 61 0.5
204 5 0.5
204 9 0.5
204 27 0.5
204 35 0.5
204 61 0.5
204 84 0.5
205 5 0.5
205 7 0.5
205 9 0.5
205 23 0.5
205 35 0.5
205 36 0.5
205 54 0.5
205 61 0.5
205 75 0.5
205 80 0.5
205 84 0.5
205 86 0.5
206 4 0.5
206 5 0.5
206 6 0.5
206 7 0.5
206 9 0.5
206 18 0.5
206 23 0.5
206 28 0.5
206 35 0.5
206 36 0.5
206 39 0.5
206 54 0.5
206 56 0.5
206 61 0.5
206 69 0.5
206 74 0.5
206 75 0.5
206 80 0.5
206 84 0.5
206 86 0.5
207 0 0.5
207 4 0.5
207 5 0.5
207 6 0.5
207 9 0.5
207 18 0.5
207 23 0.5
207 25 0.5
207 28 0.5
207 31 0.5
207 35 0.5
207 39 0.5
207 44 0.5
207 45 0.5
207 56 0.5
207 61 0.5
207 65 0.5
207 69 0.5
207 74 0.5
207 80 0.5
207 82 0.5
207 84 0.5
207 85 0.5
207 86 0.5
208 0 0.5
208 4 0.5
208 6 0.5
208 9 0.5
208 18 0.5
208 20 0.5
208 23 0.5
208 25 0.5
208 28 0.5
208 35 0.5
208 37 0.5
208 39 0.5
208 41 0.5
208 43 0.5
208 44 0.5
208 45 0.5
208 46 0.5
208 48 0.5
208 53 0.5
208 56 1
208 57 0.5
208 65 0.5
208 66 0.5
208 69 0.5
208 71 0.5
208 74 0.5
208 79 0.5
208 80 0.5
208 81 0.5
208 82 0.5
208 84 0.5
208 85 0.5
208 86 0.5
208 89 0.5
208 90 0.5
209 6 0.5
209 9 0.5
209 14 0.5
209 20 0.5
209 22 0.5
209 23 0.5
209 25 0.5
209 26 0.5
209 28 0.5
209 35 0.5
209 37 0.5
209 39 0.5
209 41 0.5
209 42 0.5
209 43 0.5
209 44 0.5
209 45 0.5
209 46 0.5
209 48 1
209 52 0.5
209 53 0.5
209 56 0.5
209 57 0.5
209 65 0.5
209 66 0.5
209 68 0.5
209 70 0.5
209 71 0.5
209 73 0.5
209 74 0.5
209 79 0.5
209 80 0.5
209 81 0.5
209 82 0.5
209 84 0.5
209 85 0.5
209 86 0.5
209 89 0.5
209 90 0.5
209 91 0.5
209 93 0.5
209 96 0.5
209 99 0.5
210 1 0.5
210 5 0.5
210 6 0.5
210 9 0.5
210 11 0.5
210 14 0.5
210 20 0.5
210 23 0.5
210 26 0.5
210 27 0.5
210 28 0.5
210 31 0.5
210 35 0.5
210 37 0.5
210 38 0.5
210 40 0.5
210 41 0.5
210 42 0.5
210 43 0.5
210 44 0.5
210 46 0.5
210 48 1
210 49 0.5
210 51 0.5
210 52 0.5
210 53 0.5
210 55 0.5
210 56 0.5
210 57 0.5
210 58 0.5
210 65 0.5
210 68 0.5
210 70 1
210 72 0.5
210 73 0.5
210 74 0.5
210 79 0.5
210 80 0.5
210 81 0.5
210 82 0.5
210 84 0.5
210 85 0.5
210 86 0.5
210 87 0.5
210 89 0.5
210 90 0.5
210 91 0.5
210 93 1
210 96 1
210 99 0.5
211 1 1
211 5 0.5
211 6 0.5
211 9 0.5
211 14 0.5
211 19 0.5
211 20 0.5
211 23 0.5
211 26 0.5
211 27 0.5
211 28 0.5
211 31 0.5
211 35 0.5
211 38 0.5
211 39 0.5
211 40 0.5
211 41 0.5
211 42 0.5
211 43 0.5
211 44 0.5
211 46 0.5
211 48 0.5
211 50 0.5
211 51 0.5
211 52 0.5
211 53 0.5
211 55 0.5
211 56 0.5
211 57 0.5
211 58 0.5
211 61 0.5
211 65 0.5
211 70 0.5
211 73 0.5
211 74 0.5
211 78 0.5
211 79 0.5
211 80 0.5
211 81 0.5
211 84 0.5
211 85 0.5
211 86 0.5
211 87 0.5
211 89 0.5
211 90 0.5
211 91 0.5
211 93 0.5
211 96 0.5
211 99 0.5
212 1 0.5
212 2 0.5
212 3 0.5
212 4 0.5
212 5 0.5
212 6 0.5
212 9 0.5
212 12 0.5
212 13 0.5
212 14 0.5
212 19 1
212 20 0.5
212 21 0.5
212 23 0.5
212 26 0.5
212 28 0.5
212 31 0.5
212 35 0.5
212 39 0.5
212 40 0.5
212 41 0.5
212 43 1
212 44 0.5
212 47 0.5
212 48 0.5
212 51 0.5
212 52 0.5
212 55 0.5
212 56 0.5
212 57 0.5
212 58 0.5
212 61 0.5
212 65 0.5
212 73 0.5
212 74 0.5
212 78 0.5
212 79 0.5
212 81 0.5
212 84 0.5
212 85 0.5
212 86 0.5
212 87 0.5
212 89 0.5
212 91 1
212 98 0.5
212 99 0.5
213 2 0.5
213 3 0.5
213 4 0.5
213 5 0.5
213 6 0.5
213 12 0.5
213 13 0.5
213 19 0.5
213 20 0.5
213 21 0.5
213 22 0.5
213 26 0.5
213 30 0.5
213 31 0.5
213 33 0.5
213 35 0.5
213 39 0.5
213 40 0.5
213 43 0.5
213 44 0.5
213 46 0.5
213 47 1
213 48 0.5
213 49 0.5
213 52 0.5
213 55 0.5
213 56 0.5
213 58 0.5
213 61 0.5
213 65 0.5
213 73 0.5
213 74 0.5
213 77 0.5
213 78 0.5
213 79 0.5
213 81 0.5
213 84 0.5
213 85 0.5
213 86 0.5
213 87 0.5
213 89 0.5
213 91 1
213 97 0.5
213 99 0.5
214 2 0.5
214 4 0.5
214 6 0.5
214 12 0.5
214 21 0.5
214 30 1
214 33 0.5
214 37 0.5
214 38 0.5
214 39 0.5
214 40 0.5
214 43 1
214 44 0.5
214 45 0.5
214 46 0.5
214 48 0.5
214 49 0.5
214 52 0.5
214 58 0.5
214 59 0.5
214 74 0.5
214 75 0.5
214 77 0.5
214 78 0.5
214 79 0.5
214 81 0.5
214 86 0.5
214 87 0.5
214 88 0.5
214 89 0.5
214 91 1
214 94 0.5
214 97 0.5
215 6 0.5
215 12 0.5
215 21 0.5
215 25 0.5
215 30 0.5
215 37 0.5
215 39 0.5
215 43 0.5
215 44 0.5
215 45 0.5
215 48 0.5
215 49 0.5
215 52 0.5
215 58 0.5
215 59 0.5
215 78 0.5
215 79 0.5
215 81 0.5
215 83 0.5
215 87 0.5
215 88 0.5
215 91 1
215 94 0.5
216 6 0.5
216 12 0.5
216 14 0.5
216 21 0.5
216 25 0.5
216 29 0.5
216 42 0.5
216 43 0.5
216 50 0.5
216 53 0.5
216 62 0.5
216 72 0.5
216 78 0.5
216 79 0.5
216 81 0.5
216 83 0.5
216 91 1
217 10 0.5
217 12 0.5
217 14 0.5
217 21 0.5
217 29 0.5
217 43 0.5
217 50 0.5
217 53 0.5
217 63 0.5
217 72 0.5
217 91 0.5
217 95 0.5
218 21 0.5
218 63 0.5
218 91 0.5
230 35 0.5
231 35 0.5
231 60 0.5
231 68 0.5
232 11 0.5
232 23 0.5
232 28 0.5
232 35 0.5
232 60 0.5
232 68 0.5
232 75 0.5
232 84 0.5
232 86 0.5
233 11 0.5
233 23 0.5
233 28 0.5
233 32 0.5
233 34 0.5
233 35 0.5
233 36 0.5
233 39 0.5
233 60 0.5
233 68 0.5
233 75 0.5
233 84 0.5
233 85 0.5
233 86 1
234 4 0.5
234 6 0.5
234 11 0.5
234 18 0.5
234 23 0.5
234 25 0.5
234 28 0.5
234 32 0.5
234 35 0.5
234 36 0.5
234 39 0.5
234 44 0.5
234 55 0.5
234 56 0.5
234 65 0.5
234 68 0.5
234 69 0.5
234 74 0.5
234 85 0.5
234 86 0.5
235 0 1
235 4 0.5
235 6 0.5
235 11 1
235 15 0.5
235 17 0.5
235 18 0.5
235 20 0.5
235 22 0.5
235 23 0.5
235 25 0.5
235 28 0.5
235 35 0.5
235 43 0.5
235 44 0.5
235 46 0.5
235 48 0.5
235 53 0.5
235 55 0.5
235 56 0.5
235 64 0.5
235 65 0.5
235 66 0.5
235 68 0.5
235 69 0.5
235 73 0.5
235 74 0.5
235 79 0.5
235 82 0.5
235 85 0.5
235 86 0.5
235 89 0.5
235 90 0.5
235 92 0.5
236 0 0.5
236 3 0.5
236 6 0.5
236 8 0.5
236 11 1
236 14 0.5
236 17 0.5
236 20 0.5
236 22 0.5
236 25 0.5
236 26 0.5
236 28 0.5
236 37 0.5
236 38 0.5
236 40 0.5
236 41 0.5
236 42 0.5
236 43 1
236 46 0.5
236 48 1
236 49 0.5
236 52 0.5
236 53 0.5
236 55 0.5
236 56 0.5
236 64 0.5
236 65 0.5
236 66 0.5
236 68 0.5
236 71 1
236 73 0.5
236 79 0.5
236 82 0.5
236 85 0.5
236 86 0.5
236 89 0.5
236 90 0.5
236 91 0.5
236 92 0.5
236 96 0.5
236 99 0.5
237 3 0.5
237 6 0.5
237 8 0.5
237 11 1
237 12 0.5
237 14 0.5
237 17 0.5
237 20 0.5
237 22 0.5
237 26 0.5
237 28 0.5
237 35 0.5
237 37 0.5
237 38 0.5
237 40 0.5
237 41 0.5
237 42 0.5
237 43 1
237 48 0.5
237 49 0.5
237 52 0.5
237 53 0.5
237 55 0.5
237 58 0.5
237 64 0.5
237 66 0.5
237 68 0.5
237 70 0.5
237 71 0.5
237 73 1
237 76 0.5
237 79 0.5
237 85 0.5
237 86 0.5
237 87 0.5
237 89 0.5
237 91 0.5
237 92 0.5
237 93 1
237 96 1
237 99 0.5
238 1 1
238 11 1
238 12 0.5
238 14 0.5
238 17 0.5
238 22 0.5
238 26 0.5
238 38 0.5
238 40 0.5
238 41 0.5
238 42 0.5
238 43 0.5
238 48 0.5
238 49 0.5
238 52 0.5
238 55 0.5
238 58 0.5
238 63 0.5
238 64 0.5
238 68 0.5
238 70 1
238 73 0.5
238 76 0.5
238 79 0.5
238 80 0.5
238 85 0.5
238 86 0.5
238 87 0.5
238 89 0.5
238 91 1
238 92 0.5
238 93 0.5
238 96 0.5
238 99 0.5
239 1 0.5
239 11 1
239 12 0.5
239 17 0.5
239 19 1
239 21 0.5
239 22 0.5
239 28 0.5
239 35 0.5
239 38 0.5
239 40 0.5
239 43 0.5
239 47 1
239 51 0.5
239 52 0.5
239 55 0.5
239 57 0.5
239 58 0.5
239 63 0.5
239 64 0.5
239 68 0.5
239 70 0.5
239 73 0.5
239 76 0.5
239 79 0.5
239 80 0.5
239 85 0.5
239 86 0.5
239 87 0.5
239 89 0.5
239 91 1
239 92 0.5
240 3 0.5
240 5 0.5
240 9 0.5
240 11 0.5
240 12 0.5
240 17 0.5
240 19 1
240 21 1
240 22 0.5
240 26 0.5
240 28 0.5
240 30 0.5
240 31 0.5
240 35 0.5
240 43 0.5
240 47 1
240 51 0.5
240 52 0.5
240 55 0.5
240 57 0.5
240 63 0.5
240 64 0.5
240 68 0.5
240 73 0.5
240 76 0.5
240 78 0.5
240 79 0.5
240 85 0.5
240 86 0.5
240 90 0.5
240 91 0.5
240 92 0.5
240 98 0.5
241 3 0.5
241 4 0.5
241 5 0.5
241 11 0.5
241 12 0.5
241 13 0.5
241 17 0.5
241 19 0.5
241 20 0.5
241 21 0.5
241 22 0.5
241 26 0.5
241 28 0.5
241 30 1
241 31 0.5
241 33 0.5
241 40 0.5
241 43 0.5
241 52 0.5
241 55 1
241 57 0.5
241 63 1
241 65 0.5
241 68 0.5
241 73 0.5
241 76 0.5
241 78 0.5
241 85 0.5
241 86 0.5
241 90 0.5
241 91 0.5
241 92 0.5
241 97 0.5
241 98 0.5
242 2 0.5
242 4 0.5
242 11 0.5
242 12 0.5
242 13 0.5
242 17 0.5
242 20 0.5
242 21 0.5
242 22 0.5
242 30 0.5
242 33 0.5
242 34 0.5
242 39 0.5
242 40 0.5
242 43 0.5
242 44 0.5
242 45 0.5
242 49 0.5
242 52 0.5
242 55 0.5
242 58 0.5
242 63 1
242 65 0.5
242 73 0.5
242 74 0.5
242 76 0.5
242 77 0.5
242 78 0.5
242 85 0.5
242 86 0.5
242 88 0.5
242 91 0.5
242 92 0.5
242 94 1
242 97 0.5
243 6 0.5
243 12 0.5
243 15 0.5
243 17 0.5
243 21 0.5
243 22 0.5
243 29 0.5
243 34 0.5
243 39 0.5
243 40 0.5
243 44 0.5
243 45 0.5
243 46 0.5
243 49 0.5
243 52 0.5
243 58 0.5
243 59 1
243 63 1
243 74 0.5
243 76 0.5
243 77 0.5
243 79 0.5
243 81 0.5
243 83 0.5
243 85 0.5
243 86 0.5
243 87 0.5
243 88 0.5
243 91 0.5
243 92 0.5
243 94 0.5
244 6 0.5
244 10 0.5
244 12 0.5
244 21 0.5
244 22 0.5
244 25 0.5
244 29 0.5
244 39 0.5
244 42 0.5
244 45 0.5
244 50 0.5
244 62 0.5
244 63 0.5
244 72 0.5
244 75 0.5
244 79 0.5
244 81 0.5
244 83 0.5
244 87 0.5
244 92 0.5
244 95 0.5
245 10 0.5
245 12 0.5
245 14 0.5
245 21 0.5
245 25 0.5
245 42 0.5
245 50 0.5
245 53 0.5
245 62 0.5
245 63 0.5
245 72 0.5
245 79 0.5
245 92 0.5
245 95 0.5
246 12 0.5
246 14 0.5
246 21 0.5
246 63 0.5
247 63 0.5
258 35 0.5
259 11 0.5
259 24 0.5
259 28 0.5
259 35 0.5
259 60 0.5
259 68 0.5
259 75 0.5
259 84 0.5
260 11 0.5
260 23 0.5
260 24 0.5
260 28 0.5
260 32 0.5
260 35 0.5
260 36 0.5
260 39 0.5
260 60 0.5
260 64 0.5
260 68 0.5
260 75 0.5
260 84 0.5
260 85 0.5
260 86 0.5
261 4 0.5
261 11 0.5
261 16 0.5
261 23 0.5
261 25 0.5
261 28 0.5
261 32 0.5
261 34 0.5
261 36 0.5
261 39 0.5
261 56 0.5
261 64 0.5
261 68 0.5
261 74 0.5
261 75 0.5
261 76 0.5
261 85 0.5
261 86 0.5
261 90 0.5
262 0 0.5
262 4 0.5
262 6 0.5
262 11 0.5
262 15 0.5
262 16 0.5
262 17 0.5
262 22 0.5
262 25 0.5
262 26 0.5
262 32 0.5
262 34 0.5
262 38 0.5
262 43 0.5
262 46 0.5
262 53 0.5
262 55 0.5
262 56 0.5
262 64 1
262 65 0.5
262 68 0.5
262 73 0.5
262 74 0.5
262 76 0.5
262 79 0.5
262 82 0.5
262 85 0.5
262 86 0.5
262 89 0.5
262 90 0.5
262 92 0.5
263 0 0.5
263 3 0.5
263 6 0.5
263 8 0.5
263 11 0.5
263 14 0.5
263 16 0.5
263 17 0.5
263 20 0.5
263 22 0.5
263 26 0.5
263 38 0.5
263 40 0.5
263 41 0.5
263 42 0.5
263 43 0.5
263 46 0.5
263 48 0.5
263 49 0.5
263 53 0.5
263 55 0.5
263 56 0.5
263 64 1
263 65 0.5
263 66 1
263 68 0.5
263 71 0.5
263 73 0.5
263 76 0.5
263 79 0.5
263 82 0.5
263 89 0.5
263 90 0.5
263 91 0.5
263 92 0.5
263 95 0.5
264 3 0.5
264 8 0.5
264 10 0.5
264 11 0.5
264 12 0.5
264 14 0.5
264 16 0.5
264 17 0.5
264 20 0.5
264 22 0.5
264 26 0.5
264 37 0.5
264 38 0.5
264 40 0.5
264 41 0.5
264 42 0.5
264 43 0.5
264 48 0.5
264 49 0.5
264 52 0.5
264 55 0.5
264 58 0.5
264 63 0.5
264 64 1
264 66 0.5
264 68 0.5
264 71 1
264 73 0.5
264 76 0.5
264 79 0.5
264 87 0.5
264 89 0.5
264 91 1
264 92 0.5
264 93 0.5
264 96 1
264 99 0.5
265 1 1
265 3 0.5
265 10 0.5
265 11 0.5
265 12 0.5
265 14 0.5
265 16 0.5
265 17 0.5
265 21 0.5
265 22 0.5
265 37 0.5
265 38 0.5
265 40 0.5
265 41 0.5
265 42 0.5
265 43 0.5
265 49 0.5
265 52 0.5
265 55 0.5
265 58 0.5
265 63 0.5
265 64 1
265 68 0.5
265 70 0.5
265 73 0.5
265 76 0.5
265 79 0.5
265 87 0.5
265 91 0.5
265 92 0.5
265 93 1
265 96 0.5
265 99 0.5
266 1 1
266 11 0.5
266 12 0.5
266 16 0.5
266 17 0.5
266 19 0.5
266 21 0.5
266 22 0.5
266 47 0.5
266 58 0.5
266 63 1
266 64 1
266 68 0.5
266 70 1
266 76 0.5
266 87 0.5
266 91 0.5
266 92 0.5
266 93 0.5
267 11 0.5
267 12 0.5
267 16 0.5
267 19 1
267 21 0.5
267 22 0.5
267 47 1
267 51 0.5
267 63 1
267 64 1
267 68 0.5
267 70 0.5
267 76 0.5
267 78 0.5
267 80 0.5
267 92 0.5
267 98 0.5
268 3 0.5
268 9 0.5
268 11 0.5
268 12 0.5
268 16 0.5
268 19 1
268 21 0.5
268 30 1
268 31 0.5
268 51 0.5
268 55 0.5
268 57 0.5
268 63 1
268 64 0.5
268 68 0.5
268 76 0.5
268 78 0.5
268 80 0.5
268 90 0.5
268 92 0.5
268 98 0.5
269 3 0.5
269 5 0.5
269 11 0.5
269 13 0.5
269 16 0.5
269 17 0.5
269 22 0.5
269 26 0.5
269 28 0.5
269 30 1
269 31 0.5
269 32 0.5
269 33 0.5
269 52 0.5
269 55 1
269 57 0.5
269 61 0.5
269 63 1
269 64 0.5
269 65 0.5
269 67 0.5
269 68 0.5
269 76 0.5
269 78 0.5
269 90 0.5
269 92 0.5
269 94 0.5
269 97 0.5
270 2 0.5
270 5 0.5
270 11 0.5
270 13 0.5
270 15 0.5
270 16 0.5
270 17 0.5
270 20 0.5
270 22 0.5
270 24 0.5
270 26 0.5
270 28 0.5
270 30 0.5
270 31 0.5
270 33 0.5
270 34 0.5
270 44 0.5
270 45 0.5
270 49 0.5
270 52 1
270 55 0.5
270 63 0.5
270 64 0.5
270 65 0.5
270 74 0.5
270 76 0.5
270 81 0.5
270 83 0.5
270 88 0.5
270 90 0.5
270 92 0.5
270 94 1
270 97 0.5
271 2 0.5
271 4 0.5
271 6 0.5
271 12 0.5
271 15 0.5
271 16 0.5
271 17 0.5
271 22 0.5
271 24 0.5
271 29 0.5
271 34 0.5
271 37 0.5
271 40 0.5
271 44 0.5
271 45 0.5
271 49 0.5
271 52 0.5
271 58 0.5
271 59 1
271 63 0.5
271 64 0.5
271 74 0.5
271 76 0.5
271 77 0.5
271 81 0.5
271 82 0.5
271 83 0.5
271 85 0.5
271 88 0.5
271 92 0.5
272 6 0.5
272 8 0.5
272 10 0.5
272 12 0.5
272 22 0.5
272 29 0.5
272 37 0.5
272 39 0.5
272 42 0.5
272 44 0.5
272 46 0.5
272 53 0.5
272 62 0.5
272 63 0.5
272 72 0.5
272 75 0.5
272 76 0.5
272 81 0.5
272 85 0.5
272 87 0.5
272 92 0.5
272 95 0.5
273 8 0.5
273 10 0.5
273 12 0.5
273 14 0.5
273 21 0.5
273 25 0.5
273 39 0.5
273 42 0.5
273 50 0.5
273 53 0.5
273 62 0.5
273 63 0.5
273 79 0.5
273 92 0.5
273 95 0.5
273 99 0.5
274 12 0.5
274 14 0.5
274 63 0.5
274 89 0.5
286 16 0.5
287 16 0.5
287 24 0.5
287 28 0.5
287 35 0.5
287 39 0.5
287 60 0.5
287 64 0.5
287 75 0.5
287 85 0.5
288 15 0.5
288 16 0.5
288 23 0.5
288 24 0.5
288 25 0.5
288 28 0.5
288 32 0.5
288 34 0.5
288 36 0.5
288 39 0.5
288 60 0.5
288 64 0.5
288 68 0.5
288 73 0.5
288 75 0.5
288 84 0.5
288 85 0.5
289 4 0.5
289 15 0.5
289 16 1
289 17 0.5
289 25 0.5
289 32 0.5
289 34 0.5
289 36 0.5
289 38 0.5
289 56 0.5
289 64 0.5
289 68 0.5
289 73 0.5
289 74 0.5
289 76 0.5
289 79 0.5
289 84 0.5
289 85 0.5
289 90 0.5
290 0 1
290 3 0.5
290 4 0.5
290 8 0.5
290 14 0.5
290 15 0.5
290 16 1
290 17 0.5
290 18 0.5
290 20 0.5
290 25 0.5
290 26 0.5
290 29 0.5
290 38 0.5
290 40 0.5
290 41 0.5
290 42 0.5
290 43 0.5
290 46 0.5
290 53 0.5
290 56 0.5
290 64 0.5
290 66 0.5
290 69 0.5
290 73 0.5
290 76 0.5
290 79 0.5
290 89 0.5
290 90 0.5
290 95 0.5
291 0 0.5
291 3 0.5
291 8 0.5
291 10 0.5
291 14 0.5
291 16 1
291 20 0.5
291 26 0.5
291 29 0.5
291 38 0.5
291 40 0.5
291 41 0.5
291 42 0.5
291 43 0.5
291 46 0.5
291 48 0.5
291 49 0.5
291 64 0.5
291 66 0.5
291 69 0.5
291 71 1
291 76 0.5
291 79 0.5
291 82 0.5
291 87 0.5
291 89 0.5
291 91 0.5
291 92 0.5
291 95 0.5
291 96 1
292 1 0.5
292 10 0.5
292 12 0.5
292 14 0.5
292 16 1
292 21 0.5
292 37 0.5
292 41 0.5
292 49 0.5
292 58 0.5
292 63 0.5
292 64 0.5
292 71 0.5
292 76 0.5
292 87 0.5
292 91 0.5
292 93 1
292 96 0.5
292 99 0.5
293 1 1
293 12 0.5
293 16 1
293 21 0.5
293 37 0.5
293 47 0.5
293 58 0.5
293 63 0.5
293 64 0.5
293 70 0.5
293 76 0.5
293 87 0.5
293 91 0.5
293 93 1
294 16 1
294 19 0.5
294 21 0.5
294 47 1
294 63 0.5
294 64 0.5
294 70 1
294 78 0.5
294 98 0.5
295 9 0.5
295 16 0.5
295 19 1
295 30 0.5
295 31 0.5
295 47 0.5
295 51 0.5
295 63 0.5
295 64 0.5
295 67 0.5
295 70 1
295 78 0.5
295 80 0.5
295 97 0.5
295 98 0.5
296 3 0.5
296 13 0.5
296 16 0.5
296 19 0.5
296 30 1
296 31 0.5
296 32 0.5
296 51 0.5
296 55 0.5
296 61 0.5
296 64 0.5
296 67 0.5
296 68 0.5
296 80 0.5
296 97 0.5
296 98 0.5
297 3 0.5
297 5 0.5
297 11 0.5
297 13 0.5
297 16 1
297 26 0.5
297 30 1
297 31 0.5
297 32 0.5
297 33 0.5
297 45 0.5
297 52 0.5
297 55 1
297 57 0.5
297 61 0.5
297 64 0.5
297 65 0.5
297 67 0.5
297 68 0.5
297 83 0.5
297 88 0.5
297 90 0.5
297 94 0.5
297 97 0.5
298 2 0.5
298 3 0.5
298 5 0.5
298 11 0.5
298 15 0.5
298 16 1
298 17 1
298 18 0.5
298 20 0.5
298 22 0.5
298 24 0.5
298 26 0.5
298 28 0.5
298 29 0.5
298 32 0.5
298 33 0.5
298 34 0.5
298 37 0.5
298 44 0.5
298 45 0.5
298 49 0.5
298 52 0.5
298 55 0.5
298 57 0.5
298 59 0.5
298 64 0.5
298 65 0.5
298 68 0.5
298 74 0.5
298 76 0.5
298 81 0.5
298 83 0.5
298 88 1
298 90 0.5
298 94 0.5
299 4 0.5
299 10 0.5
299 12 0.5
299 15 0.5
299 16 0.5
299 17 0.5
299 20 0.5
299 22 0.5
299 24 0.5
299 28 0.5
299 29 1
299 34 0.5
299 37 0.5
299 40 0.5
299 44 0.5
299 45 0.5
299 53 0.5
299 58 0.5
299 59 0.5
299 64 1
299 72 0.5
299 73 0.5
299 74 0.5
299 76 1
299 77 0.5
299 81 0.5
299 82 0.5
299 83 0.5
299 88 0.5
299 92 0.5
299 95 0.5
300 4 0.5
300 6 0.5
300 8 0.5
300 10 0.5
300 12 0.5
300 16 0.5
300 22 0.5
300 46 0.5
300 53 0.5
300 58 0.5
300 62 0.5
300 72 0.5
300 76 0.5
300 85 0.5
300 87 0.5
300 92 0.5
300 95 1
300 99 0.5
301 12 0.5
301 21 0.5
301 25 0.5
301 39 0.5
301 42 0.5
301 50 0.5
301 62 0.5
301 75 0.5
301 79 0.5
301 85 0.5
301 89 0.5
301 92 0.5
301 95 0.5
301 99 0.5
302 12 0.5
302 14 0.5
302 21 0.5
302 25 0.5
302 38 0.5
302 79 0.5
302 89 0.5
314 16 0.5
314 28 0.5
314 75 0.5
315 16 0.5
315 24 0.5
315 28 1
315 35 0.5
315 36 0.5
315 39 0.5
315 60 0.5
315 75 0.5
315 85 0.5
316 4 0.5
316 15 0.5
316 16 0.5
316 24 0.5
316 25 0.5
316 32 0.5
316 34 0.5
316 36 0.5
316 38 0.5
316 39 0.5
316 60 0.5
316 73 0.5
316 75 0.5
316 76 0.5
316 84 0.5
316 85 0.5
317 0 0.5
317 4 0.5
317 8 0.5
317 14 0.5
317 15 0.5
317 16 0.5
317 25 0.5
317 26 0.5
317 29 0.5
317 32 0.5
317 34 0.5
317 36 0.5
317 38 0.5
317 40 0.5
317 42 0.5
317 43 0.5
317 46 0.5
317 56 0.5
317 66 0.5
317 73 0.5
317 74 0.5
317 76 0.5
317 79 0.5
317 84 0.5
317 90 0.5
317 95 0.5
318 0 1
318 3 0.5
318 8 0.5
318 10 0.5
318 14 0.5
318 16 0.5
318 18 0.5
318 20 0.5
318 26 0.5
318 29 0.5
318 38 0.5
318 40 0.5
318 41 0.5
318 42 0.5
318 43 0.5
318 46 0.5
318 48 0.5
318 49 0.5
318 53 0.5
318 56 0.5
318 66 0.5
318 69 0.5
318 74 0.5
318 76 0.5
318 79 0.5
318 87 0.5
318 89 0.5
318 90 0.5
318 91 0.5
318 94 0.5
318 95 0.5
318 96 0.5
319 0 0.5
319 1 0.5
319 3 0.5
319 10 0.5
319 14 0.5
319 16 0.5
319 18 0.5
319 20 0.5
319 21 0.5
319 29 0.5
319 41 0.5
319 42 0.5
319 48 0.5
319 49 0.5
319 58 0.5
319 63 0.5
319 69 0.5
319 71 1
319 82 0.5
319 87 0.5
319 89 0.5
319 91 0.5
319 93 0.5
319 96 1
320 1 1
320 16 0.5
320 21 0.5
320 37 0.5
320 41 0.5
320 47 0.5
320 58 0.5
320 63 0.5
320 69 0.5
320 71 0.5
320 78 0.5
320 87 0.5
320 91 0.5
320 93 1
320 96 0.5
320 98 0.5
320 99 0.5
321 1 0.5
321 12 0.5
321 16 0.5
321 21 0.5
321 27 0.5
321 37 0.5
321 47 0.5
321 67 0.5
321 69 0.5
321 70 0.5
321 78 0.5
321 93 0.5
321 97 0.5
321 98 0.5
322 9 0.5
322 16 0.5
322 19 1
322 27 0.5
322 31 0.5
322 47 0.5
322 67 0.5
322 69 0.5
322 70 1
322 78 0.5
322 80 0.5
322 83 0.5
322 97 0.5
322 98 0.5
323 9 0.5
323 16 0.5
323 19 1
323 27 0.5
323 30 1
323 31 0.5
323 51 0.5
323 61 0.5
323 67 1
323 69 0.5
323 70 1
323 78 0.5
323 80 0.5
323 83 0.5
323 97 1
323 98 0.5
324 3 0.5
324 9 0.5
324 13 0.5
324 16 0.5
324 18 0.5
324 19 0.5
324 27 0.5
324 30 1
324 31 0.5
324 32 0.5
324 33 0.5
324 45 0.5
324 51 0.5
324 52 0.5
324 55 0.5
324 61 0.5
324 65 0.5
324 67 1
324 68 0.5
324 69 0.5
324 78 0.5
324 80 0.5
324 81 0.5
324 83 0.5
324 90 0.5
324 97 0.5
325 3 0.5
325 5 0.5
325 11 0.5
325 13 1
325 16 0.5
325 17 0.5
325 18 0.5
325 26 0.5
325 30 0.5
325 32 0.5
325 33 1
325 34 0.5
325 37 0.5
325 45 0.5
325 49 0.5
325 52 0.5
325 55 1
325 57 0.5
325 65 0.5
325 67 0.5
325 68 1
325 74 0.5
325 81 0.5
325 83 0.5
325 88 0.5
325 90 0.5
325 94 1
326 2 0.5
326 3 0.5
326 5 0.5
326 10 0.5
326 11 0.5
326 12 0.5
326 15 1
326 16 0.5
326 17 1
326 20 0.5
326 22 1
326 24 0.5
326 26 0.5
326 28 0.5
326 29 1
326 32 0.5
326 33 0.5
326 34 1
326 37 0.5
326 40 0.5
326 44 0.5
326 45 0.5
326 49 0.5
326 52 0.5
326 53 0.5
326 55 0.5
326 57 0.5
326 59 0.5
326 64 0.5
326 65 0.5
326 68 0.5
326 72 0.5
326 73 0.5
326 74 0.5
326 76 0.5
326 81 0.5
326 82 0.5
326 83 0.5
326 88 1
326 90 0.5
326 94 0.5
326 99 0.5
327 6 0.5
327 8 0.5
327 10 0.5
327 12 0.5
327 15 0.5
327 16 0.5
327 17 0.5
327 20 0.5
327 22 0.5
327 24 0.5
327 28 0.5
327 29 0.5
327 34 0.5
327 40 0.5
327 44 0.5
327 53 0.5
327 58 0.5
327 59 1
327 60 0.5
327 64 1
327 72 0.5
327 73 0.5
327 76 1
327 77 0.5
327 82 0.5
327 92 0.5
327 95 0.5
327 99 0.5
328 4 0.5
328 6 0.5
328 8 0.5
328 10 0.5
328 12 0.5
328 16 0.5
328 42 0.5
328 46 0.5
328 50 0.5
328 53 0.5
328 58 0.5
328 60 0.5
328 62 0.5
328 72 0.5
328 76 0.5
328 87 0.5
328 92 1
328 95 1
328 99 0.5
329 21 0.5
329 25 0.5
329 39 0.5
329 42 0.5
329 46 0.5
329 50 0.5
329 75 0.5
329 85 0.5
329 87 0.5
329 89 0.5
330 14 0.5
330 25 0.5
330 38 0.5
330 39 0.5
330 75 0.5
330 79 0.5
330 85 0.5
330 89 0.5
331 38 0.5
342 24 0.5
342 28 0.5
342 39 0.5
342 60 0.5
342 75 0.5
342 85 0.5
343 16 0.5
343 24 0.5
343 25 0.5
343 28 0.5
343 36 0.5
343 38 0.5
343 39 0.5
343 60 0.5
343 73 0.5
343 75 0.5
343 85 0.5
344 4 0.5
344 8 0.5
344 14 0.5
344 15 0.5
344 16 0.5
344 23 0.5
344 24 0.5
344 25 0.5
344 32 0.5
344 34 0.5
344 36 0.5
344 38 0.5
344 60 0.5
344 73 0.5
344 79 0.5
344 85 0.5
344 90 0.5
344 95 0.5
345 0 1
345 3 0.5
345 4 0.5
345 8 0.5
345 10 0.5
345 14 0.5
345 15 0.5
345 23 0.5
345 26 0.5
345 29 0.5
345 32 0.5
345 34 0.5
345 36 0.5
345 38 0.5
345 40 0.5
345 41 0.5
345 42 0.5
345 43 0.5
345 46 1
345 56 0.5
345 66 0.5
345 74 0.5
345 79 0.5
345 84 0.5
345 90 0.5
345 91 0.5
345 94 0.5
345 95 0.5
346 0 1
346 3 0.5
346 8 0.5
346 10 0.5
346 14 0.5
346 20 1
346 21 0.5
346 23 0.5
346 26 0.5
346 27 0.5
346 29 0.5
346 41 0.5
346 42 0.5
346 43 0.5
346 46 0.5
346 48 0.5
346 49 0.5
346 56 0.5
346 58 0.5
346 63 0.5
346 66 0.5
346 69 0.5
346 71 0.5
346 74 0.5
346 84 0.5
346 87 0.5
346 89 0.5
346 91 0.5
346 94 0.5
346 96 1
347 1 1
347 18 0.5
347 20 0.5
347 21 0.5
347 23 0.5
347 27 0.5
347 41 0.5
347 47 0.5
347 48 0.5
347 49 0.5
347 58 0.5
347 63 0.5
347 67 0.5
347 69 0.5
347 71 1
347 82 0.5
347 87 0.5
347 89 0.5
347 91 0.5
347 93 0.5
347 96 0.5
347 98 0.5
348 1 0.5
348 9 0.5
348 18 0.5
348 23 0.5
348 27 0.5
348 31 0.5
348 41 0.5
348 47 0.5
348 48 0.5
348 58 0.5
348 63 0.5
348 65 0.5
348 67 0.5
348 69 0.5
348 78 0.5
348 82 0.5
348 91 0.5
348 93 1
348 97 0.5
348 98 0.5
348 99 0.5
349 9 0.5
349 12 0.5
349 18 0.5
349 23 0.5
349 27 0.5
349 31 0.5
349 37 0.5
349 41 0.5
349 61 0.5
349 65 0.5
349 67 1
349 69 0.5
349 70 0.5
349 78 1
349 83 0.5
349 97 0.5
349 98 0.5
350 9 0.5
350 19 1
350 23 0.5
350 27 0.5
350 30 0.5
350 31 1
350 37 0.5
350 41 0.5
350 45 0.5
350 51 0.5
350 61 0.5
350 65 0.5
350 67 1
350 69 0.5
350 70 1
350 78 1
350 80 0.5
350 81 0.5
350 83 0.5
350 97 1
350 98 0.5
351 7 0.5
351 9 0.5
351 12 0.5
351 18 0.5
351 19 1
351 23 0.5
351 27 0.5
351 30 1
351 31 0.5
351 33 0.5
351 37 0.5
351 41 0.5
351 45 0.5
351 51 0.5
351 52 0.5
351 61 0.5
351 65 0.5
351 67 1
351 69 0.5
351 70 1
351 78 0.5
351 80 0.5
351 81 0.5
351 83 0.5
351 97 0.5
351 98 0.5
352 3 0.5
352 7 0.5
352 12 0.5
352 13 0.5
352 18 0.5
352 19 0.5
352 23 0.5
352 26 0.5
352 27 0.5
352 30 1
352 31 0.5
352 32 0.5
352 33 1
352 37 0.5
352 41 0.5
352 45 1
352 49 0.5
352 51 0.5
352 52 1
352 55 1
352 61 0.5
352 65 0.5
352 67 0.5
352 68 0.5
352 69 0.5
352 78 0.5
352 80 0.5
352 81 0.5
352 83 0.5
352 90 0.5
352 94 0.5
352 97 0.5
353 2 0.5
353 3 1
353 5 0.5
353 7 0.5
353 10 0.5
353 11 1
353 12 0.5
353 13 0.5
353 15 0.5
353 17 1
353 18 0.5
353 22 0.5
353 23 0.5
353 26 1
353 27 0.5
353 29 0.5
353 32 1
353 33 0.5
353 34 0.5
353 36 0.5
353 37 0.5
353 44 0.5
353 45 0.5
353 49 1
353 52 0.5
353 53 0.5
353 55 1
353 57 0.5
353 65 0.5
353 67 0.5
353 68 1
353 69 0.5
353 74 0.5
353 81 0.5
353 82 0.5
353 83 0.5
353 88 1
353 90 0.5
353 94 1
353 99 0.5
354 2 0.5
354 5 0.5
354 8 0.5
354 10 1
354 11 0.5
354 12 0.5
354 15 1
354 17 1
354 22 1
354 23 0.5
354 24 0.5
354 26 0.5
354 28 0.5
354 29 1
354 32 0.5
354 34 1
354 36 0.5
354 40 0.5
354 44 1
354 49 0.5
354 53 0.5
354 57 0.5
354 59 0.5
354 64 0.5
354 67 0.5
354 68 0.5
354 72 0.5
354 73 0.5
354 74 0.5
354 76 0.5
354 82 0.5
354 83 0.5
354 88 0.5
354 92 0.5
354 94 0.5
354 99 1
355 6 0.5
355 8 1
355 10 0.5
355 12 0.5
355 15 0.5
355 16 0.5
355 20 0.5
355 22 0.5
355 24 0.5
355 28 0.5
355 36 0.5
355 40 0.5
355 44 0.5
355 53 0.5
355 58 0.5
355 59 0.5
355 60 0.5
355 62 0.5
355 64 0.5
355 72 0.5
355 73 0.5
355 76 1
355 77 0.5
355 89 0.5
355 92 1
355 95 1
355 99 0.5
356 4 0.5
356 6 0.5
356 16 0.5
356 36 0.5
356 42 0.5
356 46 0.5
356 50 0.5
356 60 0.5
356 62 0.5
356 66 0.5
356 87 0.5
356 89 0.5
356 92 0.5
356 95 0.5
357 14 0.5
357 21 0.5
357 36 0.5
357 42 0.5
357 46 0.5
357 50 0.5
357 85 0.5
357 87 0.5
357 89 0.5
358 14 0.5
358 25 0.5
358 38 0.5
358 39 0.5
358 75 0.5
358 79 0.5
358 85 0.5
359 38 0.5
359 85 0.5
370 24 0.5
370 28 0.5
370 39 0.5
370 60 0.5
370 75 0.5
370 85 0.5
371 24 0.5
371 25 0.5
371 28 0.5
371 32 0.5
371 34 0.5
371 36 0.5
371 38 0.5
371 39 0.5
371 60 0.5
371 73 0.5
371 75 0.5
371 79 0.5
371 85 0.5
372 4 0.5
372 8 0.5
372 14 0.5
372 15 0.5
372 23 0.5
372 24 0.5
372 25 0.5
372 29 0.5
372 32 0.5
372 34 0.5
372 36 0.5
372 38 0.5
372 40 0.5
372 42 0.5
372 46 0.5
372 60 0.5
372 66 0.5
372 73 0.5
372 79 0.5
372 95 0.5
373 0 1
373 3 0.5
373 4 0.5
373 8 0.5
373 10 0.5
373 14 0.5
373 15 0.5
373 20 0.5
373 21 0.5
373 23 0.5
373 26 0.5
373 29 0.5
373 32 0.5
373 40 0.5
373 42 0.5
373 43 0.5
373 46 0.5
373 49 0.5
373 56 0.5
373 66 0.5
373 87 0.5
373 90 0.5
373 91 0.5
373 94 0.5
373 95 0.5
373 96 0.5
374 0 0.5
374 1 0.5
374 3 0.5
374 10 0.5
374 20 0.5
374 21 0.5
374 23 0.5
374 26 0.5
374 27 0.5
374 35 0.5
374 41 0.5
374 43 0.5
374 47 0.5
374 48 0.5
374 49 1
374 56 0.5
374 58 0.5
374 63 0.5
374 71 0.5
374 74 0.5
374 87 0.5
374 90 0.5
374 91 0.5
374 93 0.5
374 94 0.5
374 96 1
375 1 1
375 7 0.5
375 9 0.5
375 23 0.5
375 26 0.5
375 27 0.5
375 31 0.5
375 35 0.5
375 41 0.5
375 43 0.5
375 47 0.5
375 48 0.5
375 49 0.5
375 56 0.5
375 58 0.5
375 61 0.5
375 63 0.5
375 67 0.5
375 71 0.5
375 74 0.5
375 78 0.5
375 82 0.5
375 84 0.5
375 87 0.5
375 89 0.5
375 91 0.5
375 93 1
375 98 0.5
376 1 0.5
376 7 0.5
376 9 0.5
376 12 0.5
376 18 0.5
376 23 0.5
376 27 0.5
376 31 0.5
376 35 0.5
376 41 0.5
376 43 0.5
376 45 0.5
376 47 0.5
376 48 0.5
376 56 0.5
376 61 0.5
376 63 0.5
376 65 0.5
376 67 0.5
376 74 0.5
376 78 0.5
376 81 0.5
376 82 0.5
376 84 0.5
376 89 0.5
376 91 0.5
376 93 0.5
376 97 0.5
376 98 0.5
376 99 0.5
377 7 0.5
377 9 1
377 12 0.5
377 18 0.5
377 19 0.5
377 23 0.5
377 26 0.5
377 27 0.5
377 30 0.5
377 31 1
377 35 0.5
377 37 0.5
377 41 0.5
377 45 0.5
377 48 0.5
377 54 0.5
377 56 0.5
377 61 0.5
377 63 0.5
377 65 0.5
377 67 0.5
377 70 0.5
377 78 0.5
377 80 0.5
377 81 0.5
377 82 0.5
377 83 0.5
377 84 0.5
377 86 0.5
377 91 0.5
377 97 0.5
377 98 0.5
377 99 0.5
378 7 0.5
378 9 1
378 12 0.5
378 18 1
378 19 1
378 26 0.5
378 27 0.5
378 30 1
378 31 1
378 33 0.5
378 35 0.5
378 37 1
378 41 0.5
378 45 1
378 48 0.5
378 51 0.5
378 52 0.5
378 54 0.5
378 56 0.5
378 61 0.5
378 65 1
378 70 1
378 78 0.5
378 80 0.5
378 81 1
378 83 0.5
378 86 0.5
378 90 0.5
378 97 0.5
378 98 0.5
378 99 0.5
379 7 0.5
379 9 1
379 12 0.5
379 13 0.5
379 18 1
379 19 1
379 26 0.5
379 27 0.5
379 30 1
379 31 0.5
379 32 0.5
379 33 1
379 35 0.5
379 37 1
379 41 0.5
379 45 1
379 48 0.5
379 49 0.5
379 51 0.5
379 52 1
379 53 0.5
379 55 0.5
379 56 0.5
379 61 0.5
379 65 1
379 70 1
379 78 0.5
379 80 0.5
379 81 1
379 82 0.5
379 83 0.5
379 86 0.5
379 90 0.5
379 97 0.5
379 98 0.5
379 99 0.5
380 3 0.5
380 7 0.5
380 9 0.5
380 10 0.5
380 12 0.5
380 13 1
380 17 0.5
380 18 0.5
380 22 0.5
380 23 0.5
380 26 1
380 27 0.5
380 29 0.5
380 30 0.5
380 32 0.5
380 33 0.5
380 36 0.5
380 37 0.5
380 41 0.5
380 44 0.5
380 45 1
380 48 0.5
380 49 1
380 52 0.5
380 53 0.5
380 55 1
380 56 0.5
380 61 0.5
380 65 0.5
380 68 0.5
380 69 0.5
380 71 0.5
380 74 0.5
380 78 0.5
380 81 0.5
380 82 0.5
380 83 0.5
380 86 0.5
380 88 0.5
380 90 1
380 94 1
380 97 0.5
380 98 0.5
380 99 1
381 0 0.5
381 2 0.5
381 3 0.5
381 5 0.5
381 7 0.5
381 8 0.5
381 9 0.5
381 10 1
381 11 1
381 12 0.5
381 15 1
381 17 1
381 22 1
381 23 0.5
381 24 0.5
381 26 1
381 27 0.5
381 28 0.5
381 29 1
381 32 1
381 34 0.5
381 36 0.5
381 40 0.5
381 41 0.5
381 44 1
381 45 0.5
381 49 1
381 53 0.5
381 55 0.5
381 56 0.5
381 57 0.5
381 59 0.5
381 67 0.5
381 68 0.5
381 69 0.5
381 71 0.5
381 72 0.5
381 73 0.5
381 74 0.5
381 76 0.5
381 78 0.5
381 81 0.5
381 82 0.5
381 83 0.5
381 86 0.5
381 88 1
381 89 0.5
381 90 0.5
381 94 1
381 96 0.5
381 97 0.5
381 98 0.5
381 99 0.5
382 0 0.5
382 2 0.5
382 3 0.5
382 5 0.5
382 6 0.5
382 8 1
382 10 0.5
382 11 0.5
382 15 1
382 16 0.5
382 17 0.5
382 22 0.5
382 23 0.5
382 24 0.5
382 26 0.5
382 27 0.5
382 28 0.5
382 29 0.5
382 32 0.5
382 34 1
382 36 0.5
382 40 0.5
382 41 0.5
382 44 0.5
382 57 0.5
382 59 1
382 64 0.5
382 66 0.5
382 67 0.5
382 68 0.5
382 69 0.5
382 71 0.5
382 72 0.5
382 73 1
382 76 1
382 83 0.5
382 89 0.5
382 92 0.5
382 95 0.5
382 96 0.5
383 0 0.5
383 6 0.5
383 8 0.5
383 16 0.5
383 20 0.5
383 23 0.5
383 24 0.5
383 27 0.5
383 28 0.5
383 36 0.5
383 40 0.5
383 50 0.5
383 58 0.5
383 60 0.5
383 62 0.5
383 64 0.5
383 66 0.5
383 69 0.5
383 73 1
383 76 0.5
383 77 0.5
383 89 0.5
383 92 1
383 95 1
384 0 0.5
384 4 0.5
384 6 0.5
384 16 0.5
384 20 0.5
384 23 0.5
384 36 0.5
384 42 0.5
384 46 0.5
384 50 0.5
384 60 0.5
384 62 0.5
384 66 0.5
384 87 0.5
384 89 0.5
385 4 0.5
385 14 0.5
385 21 0.5
385 36 0.5
385 42 0.5
385 46 0.5
385 87 0.5
386 14 0.5
386 25 0.5
386 36 0.5
386 38 0.5
386 39 0.5
386 75 0.5
386 79 0.5
386 85 0.5
387 38 0.5
387 39 0.5
387 75 0.5
387 85 0.5
397 85 0.5
398 24 0.5
398 25 0.5
398 28 0.5
398 38 0.5
398 39 0.5
398 60 0.5
398 75 0.5
398 85 0.5
399 14 0.5
399 24 1
399 25 0.5
399 28 0.5
399 29 0.5
399 32 0.5
399 34 0.5
399 36 0.5
399 38 0.5
399 39 0.5
399 60 1
399 73 0.5
399 75 0.5
399 79 0.5
399 95 0.5
400 4 0.5
400 8 0.5
400 14 0.5
400 15 0.5
400 21 0.5
400 24 0.5
400 29 1
400 32 0.5
400 34 0.5
400 36 0.5
400 40 0.5
400 42 0.5
400 46 0.5
400 60 0.5
400 66 1
400 73 0.5
400 79 0.5
400 94 0.5
400 95 0.5
401 0 1
401 3 0.5
401 8 0.5
401 15 1
401 20 0.5
401 21 0.5
401 24 0.5
401 26 0.5
401 29 0.5
401 32 0.5
401 40 0.5
401 42 0.5
401 43 0.5
401 46 0.5
401 47 0.5
401 49 0.5
401 58 0.5
401 66 0.5
401 87 0.5
401 90 0.5
401 94 0.5
401 95 0.5
401 96 0.5
402 0 0.5
402 1 0.5
402 3 0.5
402 7 0.5
402 8 0.5
402 15 0.5
402 20 0.5
402 24 0.5
402 26 0.5
402 29 0.5
402 32 0.5
402 35 0.5
402 43 0.5
402 47 0.5
402 49 0.5
402 56 0.5
402 58 0.5
402 63 0.5
402 71 1
402 87 0.5
402 90 0.5
402 91 0.5
402 93 0.5
402 94 0.5
402 96 0.5
403 1 0.5
403 7 0.5
403 8 0.5
403 9 0.5
403 12 0.5
403 24 0.5
403 26 0.5
403 31 0.5
403 32 0.5
403 35 0.5
403 43 0.5
403 45 0.5
403 47 0.5
403 48 0.5
403 49 0.5
403 58 0.5
403 61 0.5
403 63 0.5
403 71 0.5
403 74 0.5
403 81 0.5
403 84 0.5
403 86 0.5
403 89 0.5
403 90 0.5
403 91 0.5
403 93 1
404 7 0.5
404 8 0.5
404 9 0.5
404 12 0.5
404 24 0.5
404 26 0.5
404 31 0.5
404 32 0.5
404 35 0.5
404 37 0.5
404 43 0.5
404 45 0.5
404 48 0.5
404 49 0.5
404 53 0.5
404 56 0.5
404 61 0.5
404 63 0.5
404 65 0.5
404 74 0.5
404 80 0.5
404 81 0.5
404 82 0.5
404 84 0.5
404 86 0.5
404 89 0.5
404 90 0.5
404 91 0.5
404 93 0.5
404 99 0.5
405 7 0.5
405 8 0.5
405 9 0.5
405 12 0.5
405 18 0.5
405 19 1
405 24 0.5
405 26 0.5
405 30 1
405 31 0.5
405 32 0.5
405 35 0.5
405 37 1
405 43 0.5
405 45 0.5
405 48 0.5
405 49 0.5
405 51 0.5
405 52 0.5
405 53 0.5
405 56 0.5
405 61 0.5
405 63 0.5
405 65 0.5
405 70 0.5
405 74 0.5
405 80 0.5
405 81 0.5
405 82 1
405 84 0.5
405 86 0.5
405 89 0.5
405 90 0.5
405 91 0.5
405 99 0.5
406 7 0.5
406 8 0.5
406 9 0.5
406 12 0.5
406 13 0.5
406 18 1
406 19 1
406 24 0.5
406 26 0.5
406 30 1
406 31 0.5
406 32 0.5
406 33 1
406 35 0.5
406 37 1
406 43 0.5
406 45 0.5
406 48 0.5
406 49 0.5
406 51 0.5
406 52 1
406 53 0.5
406 61 0.5
406 63 0.5
406 65 1
406 70 1
406 74 0.5
406 80 0.5
406 81 0.5
406 82 0.5
406 84 0.5
406 86 0.5
406 89 0.5
406 90 0.5
406 99 1
407 2 0.5
407 3 0.5
407 7 0.5
407 8 0.5
407 9 0.5
407 10 0.5
407 12 0.5
407 13 0.5
407 15 0.5
407 18 0.5
407 19 1
407 22 0.5
407 24 0.5
407 26 0.5
407 29 0.5
407 30 1
407 31 0.5
407 32 0.5
407 33 0.5
407 35 0.5
407 36 0.5
407 37 0.5
407 40 0.5
407 44 0.5
407 45 0.5
407 48 0.5
407 49 1
407 51 0.5
407 52 0.5
407 53 0.5
407 55 1
407 56 0.5
407 61 0.5
407 63 0.5
407 65 0.5
407 70 1
407 71 0.5
407 74 0.5
407 81 0.5
407 82 0.5
407 84 0.5
407 86 0.5
407 88 0.5
407 89 0.5
407 90 0.5
407 94 0.5
407 99 1
408 1 0.5
408 2 0.5
408 3 1
408 7 0.5
408 8 1
408 9 0.5
408 10 1
408 11 0.5
408 12 0.5
408 13 0.5
408 15 0.5
408 17 1
408 18 0.5
408 22 1
408 24 0.5
408 26 0.5
408 28 0.5
408 29 1
408 31 0.5
408 32 0.5
408 33 0.5
408 35 0.5
408 40 0.5
408 44 1
408 45 0.5
408 47 0.5
408 48 0.5
408 49 1
408 52 0.5
408 53 0.5
408 55 1
408 56 0.5
408 57 0.5
408 61 0.5
408 66 0.5
408 68 0.5
408 71 0.5
408 72 0.5
408 73 0.5
408 74 0.5
408 78 0.5
408 81 0.5
408 82 0.5
408 84 0.5
408 86 0.5
408 88 1
408 89 0.5
408 90 1
408 93 0.5
408 94 1
408 96 0.5
408 97 0.5
408 99 0.5
409 0 0.5
409 1 0.5
409 2 0.5
409 3 1
409 5 0.5
409 8 1
409 9 0.5
409 10 1
409 11 1
409 15 1
409 17 1
409 22 1
409 24 0.5
409 26 0.5
409 28 0.5
409 29 1
409 32 1
409 34 1
409 40 1
409 41 0.5
409 44 0.5
409 45 0.5
409 48 0.5
409 49 0.5
409 55 0.5
409 56 0.5
409 57 0.5
409 59 0.5
409 61 0.5
409 64 0.5
409 66 0.5
409 68 1
409 71 0.5
409 72 1
409 73 0.5
409 76 0.5
409 78 0.5
409 86 0.5
409 88 0.5
409 89 0.5
409 90 0.5
409 92 0.5
409 93 0.5
409 94 1
409 95 0.5
409 96 0.5
409 97 0.5
409 98 0.5
410 0 0.5
410 1 0.5
410 3 0.5
410 5 0.5
410 6 0.5
410 8 1
410 9 0.5
410 11 0.5
410 15 1
410 16 0.5
410 24 1
410 27 0.5
410 28 0.5
410 32 0.5
410 34 1
410 40 0.5
410 41 0.5
410 45 0.5
410 50 0.5
410 56 0.5
410 58 0.5
410 59 0.5
410 60 0.5
410 62 0.5
410 64 1
410 66 0.5
410 67 0.5
410 68 0.5
410 69 0.5
410 71 0.5
410 72 0.5
410 73 1
410 76 1
410 77 0.5
410 78 0.5
410 86 0.5
410 89 0.5
410 92 1
410 95 1
410 96 0.5
410 97 0.5
410 98 0.5
411 0 0.5
411 1 0.5
411 6 0.5
411 16 1
411 20 0.5
411 23 0.5
411 24 1
411 27 0.5
411 28 0.5
411 41 0.5
411 42 0.5
411 50 0.5
411 58 0.5
411 60 0.5
411 62 0.5
411 64 0.5
411 66 0.5
411 67 0.5
411 69 0.5
411 71 0.5
411 73 0.5
411 77 0.5
411 89 0.5
411 92 0.5
411 95 0.5
411 96 0.5
412 0 0.5
412 4 0.5
412 16 0.5
412 21 0.5
412 23 0.5
412 24 0.5
412 27 0.5
412 42 0.5
412 46 0.5
412 50 0.5
412 60 0.5
412 66 0.5
412 69 0.5
412 87 0.5
412 96 0.5
413 4 0.5
413 14 0.5
413 21 0.5
413 25 0.5
413 36 0.5
413 42 0.5
413 46 0.5
413 66 0.5
414 14 0.5
414 25 0.5
414 36 0.5
414 38 0.5
414 39 0.5
414 75 0.5
414 79 0.5
414 85 0.5
415 38 0.5
415 39 0.5
415 75 0.5
415 85 0.5
425 38 0.5
425 85 0.5
426 25 0.5
426 38 0.5
426 39 0.5
426 60 0.5
426 75 0.5
426 85 0.5
426 95 0.5
427 4 0.5
427 14 0.5
427 21 0.5
427 24 0.5
427 25 0.5
427 28 0.5
427 29 0.5
427 34 0.5
427 36 0.5
427 38 0.5
427 42 0.5
427 60 0.5
427 66 0.5
427 73 0.5
427 75 0.5
427 79 0.5
427 95 0.5
428 0 0.5
428 2 0.5
428 4 0.5
428 14 0.5
428 15 0.5
428 21 0.5
428 24 1
428 28 0.5
428 29 1
428 32 0.5
428 34 0.5
428 36 0.5
428 42 0.5
428 46 0.5
428 60 0.5
428 66 0.5
428 73 0.5
428 87 0.5
428 94 0.5
428 95 0.5
429 0 0.5
429 1 0.5
429 2 0.5
429 3 0.5
429 8 0.5
429 15 0.5
429 20 0.5
429 24 0.5
429 29 1
429 32 0.5
429 34 0.5
429 40 0.5
429 46 0.5
429 47 0.5
429 58 0.5
429 60 0.5
429 73 0.5
429 87 0.5
429 94 1
429 95 0.5
429 96 1
430 0 0.5
430 1 0.5
430 2 0.5
430 3 0.5
430 8 0.5
430 12 0.5
430 15 0.5
430 20 0.5
430 24 1
430 29 0.5
430 32 0.5
430 40 0.5
430 43 0.5
430 47 0.5
430 58 0.5
430 71 1
430 73 0.5
430 90 0.5
430 93 0.5
430 94 0.5
430 96 0.5
431 1 0.5
431 2 0.5
431 7 0.5
431 8 0.5
431 12 0.5
431 15 0.5
431 24 0.5
431 26 0.5
431 29 0.5
431 32 0.5
431 35 0.5
431 37 0.5
431 40 0.5
431 43 0.5
431 49 0.5
431 71 0.5
431 73 0.5
431 80 0.5
431 86 0.5
431 89 0.5
431 90 0.5
431 93 1
431 94 0.5
432 2 0.5
432 3 0.5
432 7 0.5
432 8 0.5
432 12 0.5
432 15 0.5
432 18 0.5
432 24 0.5
432 26 0.5
432 29 0.5
432 30 0.5
432 32 0.5
432 35 0.5
432 37 0.5
432 40 0.5
432 43 0.5
432 49 0.5
432 52 0.5
432 53 0.5
432 65 0.5
432 73 0.5
432 74 0.5
432 80 0.5
432 81 0.5
432 82 0.5
432 84 0.5
432 86 0.5
432 89 0.5
432 90 0.5
432 94 0.5
432 99 0.5
433 2 0.5
433 3 0.5
433 8 0.5
433 12 0.5
433 13 0.5
433 15 0.5
433 18 1
433 19 1
433 24 0.5
433 29 0.5
433 30 1
433 32 0.5
433 33 0.5
433 35 0.5
433 37 0.5
433 40 0.5
433 43 0.5
433 49 0.5
433 51 0.5
433 52 1
433 53 0.5
433 63 0.5
433 65 0.5
433 70 0.5
433 73 0.5
433 74 1
433 80 0.5
433 82 1
433 84 0.5
433 86 0.5
433 89 0.5
433 90 0.5
433 94 0.5
433 99 1
434 1 0.5
434 2 0.5
434 3 0.5
434 8 0.5
434 10 0.5
434 12 0.5
434 13 0.5
434 15 0.5
434 18 0.5
434 19 1
434 24 0.5
434 29 0.5
434 30 1
434 32 0.5
434 33 1
434 35 0.5
434 37 0.5
434 40 0.5
434 43 0.5
434 44 0.5
434 47 0.5
434 49 0.5
434 51 0.5
434 52 1
434 53 0.5
434 63 0.5
434 65 0.5
434 66 0.5
434 70 1
434 73 0.5
434 74 1
434 82 1
434 84 1
434 86 0.5
434 88 0.5
434 89 0.5
434 90 0.5
434 94 0.5
434 95 0.5
434 99 1
435 1 0.5
435 2 0.5
435 3 0.5
435 8 0.5
435 10 1
435 12 0.5
435 13 0.5
435 15 0.5
435 17 0.5
435 18 0.5
435 19 0.5
435 22 0.5
435 24 0.5
435 26 0.5
435 29 1
435 30 0.5
435 31 0.5
435 32 0.5
435 33 0.5
435 34 0.5
435 35 0.5
435 37 0.5
435 40 0.5
435 43 0.5
435 44 1
435 47 0.5
435 49 1
435 52 0.5
435 53 0.5
435 55 1
435 57 0.5
435 59 0.5
435 63 0.5
435 65 0.5
435 66 0.5
435 70 1
435 71 0.5
435 72 0.5
435 73 0.5
435 74 0.5
435 82 0.5
435 84 1
435 88 0.5
435 89 0.5
435 90 0.5
435 94 1
435 95 0.5
435 99 0.5
436 1 0.5
436 2 0.5
436 3 1
436 5 0.5
436 8 1
436 10 1
436 11 0.5
436 15 1
436 17 1
436 18 0.5
436 22 1
436 24 0.5
436 26 1
436 29 1
436 31 0.5
436 32 0.5
436 34 0.5
436 35 0.5
436 40 1
436 43 0.5
436 44 0.5
436 47 0.5
436 49 1
436 55 1
436 57 0.5
436 59 0.5
436 65 0.5
436 68 0.5
436 72 1
436 73 0.5
436 76 0.5
436 81 0.5
436 84 0.5
436 86 0.5
436 88 0.5
436 89 0.5
436 90 1
436 92 0.5
436 94 1
436 95 0.5
437 2 0.5
437 3 0.5
437 5 0.5
437 6 0.5
437 8 1
437 9 0.5
437 10 0.5
437 11 1
437 15 1
437 17 0.5
437 22 0.5
437 24 0.5
437 26 0.5
437 28 0.5
437 29 1
437 31 0.5
437 32 1
437 34 1
437 35 0.5
437 40 1
437 47 0.5
437 48 0.5
437 49 0.5
437 50 0.5
437 56 0.5
437 57 0.5
437 59 1
437 61 0.5
437 62 0.5
437 64 0.5
437 68 1
437 71 0.5
437 72 0.5
437 73 0.5
437 76 1
437 77 0.5
437 78 0.5
437 86 0.5
437 89 0.5
437 90 1
437 92 1
437 93 0.5
437 94 1
437 95 1
437 97 0.5
438 1 0.5
438 5 0.5
438 6 0.5
438 8 0.5
438 9 0.5
438 15 0.5
438 16 0.5
438 24 1
438 28 1
438 32 0.5
438 34 1
438 35 0.5
438 41 0.5
438 45 0.5
438 47 0.5
438 50 1
438 56 0.5
438 58 0.5
438 60 0.5
438 61 0.5
438 62 0.5
438 64 1
438 68 0.5
438 71 0.5
438 73 0.5
438 76 0.5
438 77 0.5
438 78 0.5
438 86 0.5
438 92 0.5
438 93 0.5
438 95 1
438 97 0.5
438 98 0.5
439 0 0.5
439 1 0.5
439 6 0.5
439 16 0.5
439 20 0.5
439 21 0.5
439 24 0.5
439 28 0.5
439 41 0.5
439 42 0.5
439 47 0.5
439 50 0.5
439 56 0.5
439 58 0.5
439 60 0.5
439 62 0.5
439 67 0.5
439 69 0.5
439 71 0.5
439 77 0.5
439 86 0.5
439 87 0.5
439 95 0.5
439 96 0.5
439 98 0.5
440 0 0.5
440 4 0.5
440 21 0.5
440 23 0.5
440 24 0.5
440 27 0.5
440 42 0.5
440 46 0.5
440 60 0.5
440 66 0.5
440 69 0.5
440 87 0.5
440 96 0.5
441 0 0.5
441 4 0.5
441 14 0.5
441 23 0.5
441 25 0.5
441 27 0.5
441 36 0.5
441 38 0.5
441 46 0.5
441 66 0.5
442 25 0.5
442 36 0.5
442 38 0.5
442 39 0.5
442 75 0.5
442 79 0.5
442 85 0.5
443 39 0.5
443 75 0.5
443 85 0.5
453 38 0.5
453 85 0.5
454 2 0.5
454 14 0.5
454 21 0.5
454 25 0.5
454 38 0.5
454 39 0.5
454 75 0.5
454 79 0.5
454 85 0.5
455 2 0.5
455 14 0.5
455 21 0.5
455 25 0.5
455 28 0.5
455 29 0.5
455 42 0.5
455 46 0.5
455 50 0.5
455 60 0.5
455 66 0.5
455 75 0.5
455 79 0.5
455 95 0.5
456 0 0.5
456 2 0.5
456 4 0.5
456 24 0.5
456 28 0.5
456 29 0.5
456 34 0.5
456 36 0.5
456 46 0.5
456 47 0.5
456 50 0.5
456 58 0.5
456 60 0.5
456 66 0.5
456 87 0.5
456 95 0.5
456 96 0.5
457 0 0.5
457 1 0.5
457 2 0.5
457 3 0.5
457 12 0.5
457 20 0.5
457 24 0.5
457 28 0.5
457 29 0.5
457 34 0.5
457 40 0.5
457 47 0.5
457 58 0.5
457 60 0.5
457 62 0.5
457 72 0.5
457 73 0.5
457 77 0.5
457 80 0.5
457 87 0.5
457 94 0.5
457 95 0.5
457 96 1
458 0 0.5
458 1 0.5
458 2 0.5
458 3 0.5
458 13 0.5
458 20 0.5
458 24 0.5
458 28 0.5
458 29 0.5
458 34 0.5
458 37 0.5
458 40 0.5
458 50 0.5
458 54 0.5
458 60 0.5
458 71 0.5
458 72 0.5
458 73 0.5
458 80 0.5
458 93 0.5
458 94 0.5
458 95 0.5
458 96 0.5
459 2 0.5
459 3 0.5
459 12 0.5
459 13 0.5
459 15 0.5
459 18 0.5
459 24 0.5
459 29 0.5
459 34 0.5
459 37 0.5
459 40 0.5
459 50 0.5
459 53 0.5
459 59 0.5
459 60 0.5
459 71 0.5
459 72 0.5
459 73 0.5
459 80 0.5
459 89 0.5
459 93 1
459 94 0.5
459 95 0.5
459 99 0.5
460 2 1
460 3 0.5
460 12 0.5
460 13 0.5
460 18 0.5
460 19 0.5
460 24 0.5
460 29 0.5
460 30 1
460 33 0.5
460 34 0.5
460 37 0.5
460 40 0.5
460 51 0.5
460 52 0.5
460 53 1
460 59 0.5
460 60 0.5
460 65 0.5
460 71 0.5
460 72 0.5
460 73 0.5
460 74 0.5
460 80 0.5
460 82 0.5
460 89 0.5
460 94 0.5
460 95 0.5
460 99 1
461 1 0.5
461 2 1
461 3 0.5
461 10 0.5
461 12 0.5
461 13 0.5
461 18 0.5
461 19 1
461 24 0.5
461 29 0.5
461 30 1
461 33 0.5
461 34 0.5
461 44 0.5
461 47 0.5
461 51 0.5
461 52 1
461 53 1
461 57 0.5
461 60 0.5
461 65 0.5
461 70 0.5
461 72 0.5
461 73 0.5
461 74 0.5
461 82 1
461 84 0.5
461 88 0.5
461 89 0.5
461 94 0.5
461 95 0.5
461 99 0.5
462 1 0.5
462 2 1
462 3 0.5
462 10 1
462 12 0.5
462 13 1
462 19 1
462 22 0.5
462 24 0.5
462 28 0.5
462 29 0.5
462 30 0.5
462 34 0.5
462 43 0.5
462 44 1
462 47 0.5
462 49 0.5
462 50 0.5
462 51 0.5
462 52 0.5
462 53 0.5
462 55 0.5
462 57 0.5
462 59 0.5
462 60 0.5
462 65 0.5
462 70 1
462 72 0.5
462 74 1
462 77 0.5
462 82 0.5
462 84 0.5
462 88 0.5
462 89 0.5
462 94 0.5
462 95 0.5
462 99 0.5
463 2 1
463 3 0.5
463 5 0.5
463 8 0.5
463 10 1
463 13 0.5
463 15 0.5
463 17 1
463 22 1
463 26 0.5
463 29 1
463 34 0.5
463 37 0.5
463 43 0.5
463 44 1
463 49 1
463 50 0.5
463 55 1
463 57 1
463 59 1
463 60 0.5
463 62 0.5
463 63 0.5
463 65 0.5
463 70 1
463 72 0.5
463 74 0.5
463 77 0.5
463 82 0.5
463 84 0.5
463 88 0.5
463 89 0.5
463 92 0.5
463 94 1
463 95 0.5
464 2 1
464 3 1
464 5 0.5
464 6 0.5
464 8 1
464 10 0.5
464 11 1
464 15 1
464 17 1
464 22 0.5
464 26 1
464 28 0.5
464 29 1
464 31 0.5
464 32 0.5
464 34 0.5
464 40 1
464 43 0.5
464 44 0.5
464 49 0.5
464 50 0.5
464 55 0.5
464 57 1
464 59 1
464 60 0.5
464 62 0.5
464 64 0.5
464 65 0.5
464 68 1
464 72 0.5
464 76 1
464 77 0.5
464 81 0.5
464 84 0.5
464 88 0.5
464 90 1
464 92 1
464 94 1
464 95 1
465 2 0.5
465 3 1
465 5 0.5
465 6 0.5
465 8 0.5
465 11 0.5
465 15 1
465 16 0.5
465 18 0.5
465 28 0.5
465 29 0.5
465 31 0.5
465 32 1
465 34 1
465 40 0.5
465 48 0.5
465 50 1
465 57 0.5
465 58 0.5
465 59 0.5
465 60 0.5
465 62 1
465 64 1
465 68 1
465 73 0.5
465 76 1
465 77 0.5
465 78 0.5
465 81 0.5
465 84 0.5
465 90 0.5
465 92 0.5
465 94 0.5
465 95 1
466 1 0.5
466 6 0.5
466 9 0.5
466 15 0.5
466 16 1
466 20 0.5
466 21 0.5
466 24 0.5
466 28 0.5
466 32 0.5
466 34 0.5
466 35 0.5
466 41 0.5
466 42 0.5
466 45 0.5
466 47 0.5
466 48 0.5
466 50 0.5
466 56 0.5
466 57 0.5
466 58 0.5
466 60 0.5
466 61 0.5
466 62 0.5
466 64 0.5
466 68 0.5
466 73 0.5
466 77 0.5
466 78 0.5
466 93 0.5
466 95 0.5
466 97 0.5
467 1 0.5
467 9 0.5
467 16 0.5
467 20 0.5
467 21 0.5
467 24 0.5
467 28 0.5
467 35 0.5
467 41 0.5
467 42 0.5
467 45 0.5
467 47 0.5
467 56 0.5
467 60 0.5
467 61 0.5
467 67 0.5
467 71 0.5
467 77 0.5
467 86 0.5
467 87 0.5
467 93 0.5
467 96 0.5
467 98 0.5
468 0 0.5
468 1 0.5
468 14 0.5
468 21 0.5
468 23 0.5
468 35 0.5
468 38 0.5
468 46 0.5
468 60 0.5
468 66 0.5
468 69 0.5
468 71 0.5
468 86 0.5
468 87 0.5
468 96 0.5
468 98 0.5
469 0 0.5
469 4 0.5
469 14 0.5
469 23 0.5
469 25 0.5
469 27 0.5
469 38 0.5
469 66 0.5
469 79 0.5
470 25 0.5
470 36 0.5
470 38 0.5
470 39 0.5
470 75 0.5
470 79 0.5
470 85 0.5
471 39 0.5
471 75 0.5
471 85 0.5
481 38 0.5
481 50 0.5
481 85 0.5
482 2 0.5
482 14 0.5
482 21 0.5
482 25 0.5
482 38 0.5
482 39 0.5
482 42 0.5
482 50 0.5
482 75 0.5
482 79 0.5
482 85 0.5
483 2 0.5
483 14 0.5
483 21 0.5
483 25 0.5
483 39 0.5
483 42 0.5
483 46 0.5
483 50 0.5
483 62 0.5
483 66 0.5
483 72 0.5
483 75 0.5
483 79 0.5
483 85 0.5
483 87 0.5
484 2 0.5
484 4 0.5
484 12 0.5
484 13 0.5
484 28 0.5
484 36 0.5
484 46 0.5
484 47 0.5
484 54 0.5
484 58 0.5
484 59 0.5
484 60 0.5
484 62 0.5
484 66 0.5
484 72 0.5
484 77 0.5
484 80 0.5
484 87 0.5
484 95 0.5
485 0 0.5
485 1 0.5
485 4 0.5
485 12 0.5
485 13 0.5
485 20 0.5
485 28 0.5
485 36 0.5
485 37 0.5
485 47 0.5
485 54 0.5
485 58 0.5
485 60 0.5
485 72 0.5
485 77 0.5
485 80 0.5
485 89 0.5
485 96 1
486 0 0.5
486 1 0.5
486 2 0.5
486 3 0.5
486 13 0.5
486 20 0.5
486 28 0.5
486 34 0.5
486 37 0.5
486 53 0.5
486 54 0.5
486 60 0.5
486 71 0.5
486 72 0.5
486 80 1
486 89 0.5
486 93 1
486 96 0.5
486 99 0.5
487 2 0.5
487 3 0.5
487 13 0.5
487 18 0.5
487 28 0.5
487 30 0.5
487 33 0.5
487 34 0.5
487 37 0.5
487 51 0.5
487 53 0.5
487 57 0.5
487 60 0.5
487 71 0.5
487 72 0.5
487 80 0.5
487 82 0.5
487 89 0.5
487 93 0.5
487 99 0.5
488 1 0.5
488 2 1
488 3 0.5
488 13 0.5
488 18 0.5
488 19 0.5
488 28 0.5
488 30 1
488 33 0.5
488 34 0.5
488 44 0.5
488 50 0.5
488 51 0.5
488 52 1
488 53 0.5
488 57 0.5
488 60 0.5
488 71 0.5
488 72 0.5
488 74 0.5
488 80 0.5
488 82 0.5
488 88 0.5
488 89 0.5
488 99 0.5
489 2 1
489 5 0.5
489 6 0.5
489 10 1
489 13 0.5
489 19 1
489 22 0.5
489 28 0.5
489 30 1
489 34 0.5
489 44 1
489 47 0.5
489 50 0.5
489 51 0.5
489 52 1
489 53 0.5
489 57 0.5
489 59 0.5
489 60 0.5
489 70 0.5
489 72 1
489 74 0.5
489 80 0.5
489 82 0.5
489 84 0.5
489 88 0.5
489 89 0.5
489 99 0.5
490 2 0.5
490 5 0.5
490 6 0.5
490 10 1
490 13 0.5
490 17 0.5
490 19 1
490 22 1
490 29 1
490 44 1
490 49 1
490 50 0.5
490 52 0.5
490 53 0.5
490 55 1
490 57 0.5
490 59 1
490 60 0.5
490 62 0.5
490 70 1
490 72 0.5
490 74 0.5
490 80 0.5
490 82 0.5
490 88 1
490 89 0.5
490 92 0.5
490 94 0.5
490 99 0.5
491 2 0.5
491 3 0.5
491 5 0.5
491 6 0.5
491 8 1
491 10 0.5
491 11 0.5
491 13 0.5
491 17 1
491 22 0.5
491 26 0.5
491 29 1
491 40 0.5
491 49 1
491 50 1
491 55 1
491 57 1
491 59 1
491 60 0.5
491 62 0.5
491 70 1
491 72 0.5
491 74 0.5
491 76 0.5
491 77 0.5
491 80 0.5
491 82 0.5
491 88 0.5
491 92 1
491 94 1
491 95 0.5
492 2 0.5
492 3 1
492 5 0.5
492 6 1
492 8 0.5
492 11 1
492 13 0.5
492 15 1
492 17 0.5
492 26 1
492 29 0.5
492 34 0.5
492 40 1
492 43 0.5
492 50 1
492 55 0.5
492 57 1
492 59 1
492 60 0.5
492 62 1
492 63 0.5
492 64 0.5
492 65 0.5
492 68 0.5
492 72 0.5
492 73 0.5
492 74 0.5
492 76 1
492 77 0.5
492 78 0.5
492 80 0.5
492 81 0.5
492 84 0.5
492 90 1
492 92 1
492 94 0.5
492 95 1
493 2 0.5
493 3 0.5
493 5 0.5
493 6 0.5
493 11 0.5
493 15 0.5
493 16 0.5
493 18 0.5
493 21 0.5
493 31 0.5
493 32 1
493 34 1
493 40 0.5
493 42 0.5
493 43 0.5
493 47 0.5
493 48 0.5
493 50 0.5
493 57 0.5
493 58 0.5
493 59 0.5
493 60 0.5
493 62 0.5
493 64 1
493 65 0.5
493 68 1
493 73 1
493 76 0.5
493 77 1
493 78 0.5
493 80 0.5
493 81 0.5
493 84 0.5
493 90 0.5
493 95 0.5
494 1 0.5
494 2 0.5
494 9 0.5
494 16 1
494 18 0.5
494 20 0.5
494 21 0.5
494 24 0.5
494 28 0.5
494 31 0.5
494 32 0.5
494 34 0.5
494 41 0.5
494 42 0.5
494 45 0.5
494 47 0.5
494 48 0.5
494 57 0.5
494 58 0.5
494 60 0.5
494 62 0.5
494 71 0.5
494 73 0.5
494 77 0.5
494 80 0.5
494 83 0.5
494 84 0.5
494 87 0.5
494 93 0.5
494 95 0.5
494 97 0.5
495 1 0.5
495 9 0.5
495 14 0.5
495 16 0.5
495 20 0.5
495 21 0.5
495 24 0.5
495 28 0.5
495 35 0.5
495 38 0.5
495 41 0.5
495 42 0.5
495 45 0.5
495 46 0.5
495 47 0.5
495 56 0.5
495 57 0.5
495 60 0.5
495 61 0.5
495 66 0.5
495 67 0.5
495 71 0.5
495 77 0.5
495 80 0.5
495 87 0.5
495 96 0.5
496 0 0.5
496 4 0.5
496 14 0.5
496 25 0.5
496 35 0.5
496 38 0.5
496 46 0.5
496 56 0.5
496 60 0.5
496 61 0.5
496 66 0.5
496 69 0.5
496 80 0.5
496 86 0.5
496 96 0.5
496 98 0.5
497 0 0.5
497 4 0.5
497 23 0.5
497 25 0.5
497 27 0.5
497 35 0.5
497 36 0.5
497 38 0.5
497 69 0.5
497 79 0.5
497 80 0.5
497 85 0.5
497 86 0.5
498 27 0.5
498 36 0.5
498 39 0.5
498 75 0.5
498 80 0.5
498 85 0.5
499 75 0.5
499 80 0.5
509 2 0.5
509 21 0.5
509 38 0.5
509 50 0.5
510 2 0.5
510 14 0.5
510 21 0.5
510 25 0.5
510 38 0.5
510 39 0.5
510 42 0.5
510 50 0.5
510 62 0.5
510 72 0.5
510 79 0.5
510 85 0.5
511 2 0.5
511 12 0.5
511 13 0.5
511 25 0.5
511 39 0.5
511 42 0.5
511 46 0.5
511 54 0.5
511 59 0.5
511 62 0.5
511 66 0.5
511 72 0.5
511 75 0.5
511 77 0.5
511 79 0.5
511 85 0.5
511 87 0.5
512 2 0.5
512 4 0.5
512 12 0.5
512 13 0.5
512 46 0.5
512 47 0.5
512 54 0.5
512 57 0.5
512 58 0.5
512 66 0.5
512 72 0.5
512 75 0.5
512 77 0.5
512 80 0.5
512 87 0.5
512 89 0.5
513 0 0.5
513 1 0.5
513 2 0.5
513 4 0.5
513 13 0.5
513 20 0.5
513 36 0.5
513 37 0.5
513 47 0.5
513 51 0.5
513 53 0.5
513 54 0.5
513 57 0.5
513 58 0.5
513 66 0.5
513 72 0.5
513 80 0.5
513 89 0.5
513 96 0.5
513 99 0.5
514 0 0.5
514 1 0.5
514 2 0.5
514 13 0.5
514 18 0.5
514 20 0.5
514 33 0.5
514 36 0.5
514 37 0.5
514 47 0.5
514 51 0.5
514 53 0.5
514 54 0.5
514 57 0.5
514 60 0.5
514 71 0.5
514 72 0.5
514 80 1
514 82 0.5
514 89 0.5
514 93 0.5
514 96 0.5
514 99 0.5
515 0 0.5
515 1 0.5
515 2 0.5
515 13 0.5
515 18 0.5
515 30 1
515 33 0.5
515 36 0.5
515 44 0.5
515 47 0.5
515 50 0.5
515 51 0.5
515 52 0.5
515 53 0.5
515 57 0.5
515 71 0.5
515 72 0.5
515 74 0.5
515 80 0.5
515 82 0.5
515 88 0.5
515 89 0.5
515 93 1
516 0 0.5
516 1 0.5
516 2 1
516 10 0.5
516 13 0.5
516 19 1
516 30 1
516 36 0.5
516 44 1
516 47 0.5
516 50 0.5
516 51 0.5
516 52 0.5
516 57 0.5
516 59 0.5
516 71 0.5
516 72 1
516 74 0.5
516 80 0.5
516 88 0.5
517 2 0.5
517 5 0.5
517 6 0.5
517 10 1
517 12 0.5
517 13 0.5
517 19 1
517 22 1
517 30 0.5
517 36 0.5
517 44 0.5
517 49 0.5
517 50 1
517 51 0.5
517 52 0.5
517 57 0.5
517 59 1
517 70 0.5
517 72 0.5
517 80 0.5
517 88 0.5
517 89 0.5
517 92 0.5
518 5 0.5
518 6 0.5
518 8 1
518 10 0.5
518 12 0.5
518 13 0.5
518 17 1
518 19 0.5
518 22 1
518 26 0.5
518 29 1
518 36 0.5
518 49 1
518 50 1
518 53 0.5
518 55 1
518 57 0.5
518 59 1
518 62 0.5
518 70 1
518 72 0.5
518 80 0.5
518 88 0.5
518 92 1
518 94 0.5
518 99 0.5
519 3 0.5
519 5 0.5
519 6 0.5
519 8 1
519 11 0.5
519 13 0.5
519 15 0.5
519 17 1
519 26 1
519 29 0.5
519 36 0.5
519 37 0.5
519 40 1
519 47 0.5
519 49 0.5
519 50 0.5
519 55 1
519 57 0.5
519 59 0.5
519 62 1
519 63 0.5
519 70 1
519 76 1
519 77 0.5
519 78 0.5
519 80 0.5
519 82 0.5
519 88 0.5
519 92 1
519 94 1
519 95 0.5
520 3 1
520 5 0.5
520 6 0.5
520 11 1
520 13 0.5
520 15 1
520 21 0.5
520 26 0.5
520 34 0.5
520 36 0.5
520 37 0.5
520 40 0.5
520 42 0.5
520 47 0.5
520 50 0.5
520 57 0.5
520 58 0.5
520 59 0.5
520 62 1
520 63 0.5
520 64 1
520 66 0.5
520 68 1
520 73 0.5
520 74 0.5
520 76 0.5
520 77 1
520 78 1
520 80 1
520 81 0.5
520 90 1
520 91 0.5
520 94 0.5
520 95 1
521 1 0.5
521 2 0.5
521 3 0.5
521 5 0.5
521 6 0.5
521 13 0.5
521 15 0.5
521 16 0.5
521 21 0.5
521 31 0.5
521 32 1
521 34 1
521 36 0.5
521 38 0.5
521 42 0.5
521 43 0.5
521 47 0.5
521 48 0.5
521 50 0.5
521 57 0.5
521 58 0.5
521 60 0.5
521 62 0.5
521 64 0.5
521 65 0.5
521 66 0.5
521 68 1
521 73 1
521 77 1
521 78 0.5
521 80 1
521 81 0.5
521 83 0.5
521 84 0.5
521 87 0.5
521 90 0.5
521 91 0.5
521 93 0.5
521 97 0.5
522 0 0.5
522 1 0.5
522 5 0.5
522 9 0.5
522 13 0.5
522 14 0.5
522 16 0.5
522 18 0.5
522 20 0.5
522 24 0.5
522 28 0.5
522 31 0.5
522 32 0.5
522 34 0.5
522 36 0.5
522 38 0.5
522 41 0.5
522 42 0.5
522 45 0.5
522 47 0.5
522 48 0.5
522 57 0.5
522 60 0.5
522 66 0.5
522 71 0.5
522 77 0.5
522 80 1
522 83 0.5
522 84 0.5
522 87 0.5
522 93 0.5
522 96 0.5
522 97 0.5
523 0 0.5
523 9 0.5
523 14 0.5
523 20 0.5
523 24 0.5
523 25 0.5
523 28 0.5
523 36 0.5
523 38 0.5
523 41 0.5
523 45 0.5
523 46 0.5
523 56 0.5
523 57 0.5
523 60 0.5
523 61 0.5
523 66 0.5
523 67 0.5
523 69 0.5
523 71 0.5
523 80 0.5
523 96 0.5
523 98 0.5
524 0 0.5
524 4 0.5
524 23 0.5
524 25 0.5
524 35 0.5
524 36 0.5
524 38 0.5
524 56 0.5
524 57 0.5
524 61 0.5
524 69 0.5
524 79 0.5
524 80 0.5
524 85 0.5
524 86 0.5
524 98 0.5
525 4 0.5
525 23 0.5
525 27 0.5
525 35 0.5
525 36 0.5
525 39 0.5
525 75 0.5
525 79 0.5
525 80 0.5
525 85 0.5
525 86 0.5
526 27 0.5
526 39 0.5
526 75 0.5
526 80 0.5
536 50 0.5
537 2 0.5
537 14 0.5
537 21 0.5
537 50 0.5
537 72 0.5
538 2 0.5
538 12 0.5
538 14 0.5
538 21 0.5
538 25 0.5
538 38 0.5
538 39 0.5
538 42 0.5
538 50 0.5
538 59 0.5
538 62 0.5
538 72 0.5
538 79 0.5
538 83 0.5
538 85 0.5
539 2 0.5
539 12 0.5
539 13 0.5
539 25 0.5
539 38 0.5
539 39 0.5
539 42 0.5
539 46 0.5
539 54 0.5
539 59 0.5
539 62 0.5
539 72 0.5
539 75 0.5
539 77 0.5
539 79 0.5
539 83 0.5
539 85 0.5
539 87 0.5
540 2 0.5
540 4 0.5
540 12 0.5
540 13 0.5
540 37 0.5
540 38 0.5
540 46 0.5
540 47 0.5
540 50 0.5
540 54 0.5
540 57 0.5
540 58 0.5
540 66 0.5
540 72 0.5
540 75 1
540 77 0.5
540 80 0.5
540 85 0.5
540 87 0.5
540 88 0.5
540 89 0.5
540 99 0.5
541 0 0.5
541 1 0.5
541 2 0.5
541 4 0.5
541 5 0.5
541 13 0.5
541 20 0.5
541 33 0.5
541 36 0.5
541 37 0.5
541 47 0.5
541 50 0.5
541 51 0.5
541 53 0.5
541 54 0.5
541 57 0.5
541 66 0.5
541 72 0.5
541 75 0.5
541 80 0.5
541 88 0.5
541 89 0.5
541 96 0.5
541 99 0.5
542 0 0.5
542 1 0.5
542 2 0.5
542 13 0.5
542 18 0.5
542 20 0.5
542 30 0.5
542 33 0.5
542 36 0.5
542 44 0.5
542 47 0.5
542 50 0.5
542 51 0.5
542 52 0.5
542 53 0.5
542 54 0.5
542 57 0.5
542 66 0.5
542 71 0.5
542 72 0.5
542 80 0.5
542 82 1
542 88 0.5
542 93 0.5
542 96 0.5
543 0 1
543 1 0.5
543 2 0.5
543 5 0.5
543 6 0.5
543 10 0.5
543 13 0.5
543 18 0.5
543 19 0.5
543 30 1
543 33 0.5
543 36 1
543 44 1
543 47 0.5
543 50 1
543 51 0.5
543 52 0.5
543 54 0.5
543 57 0.5
543 59 0.5
543 66 0.5
543 71 0.5
543 72 0.5
543 74 0.5
543 80 0.5
543 82 0.5
543 88 0.5
543 93 1
543 96 0.5
544 0 0.5
544 1 0.5
544 5 0.5
544 6 0.5
544 10 1
544 12 0.5
544 13 0.5
544 19 1
544 22 0.5
544 30 1
544 36 0.5
544 44 0.5
544 47 0.5
544 50 0.5
544 51 1
544 52 0.5
544 54 0.5
544 57 0.5
544 59 1
544 62 0.5
544 66 0.5
544 71 0.5
544 72 0.5
544 80 0.5
544 88 1
544 93 0.5
545 0 0.5
545 1 0.5
545 5 0.5
545 6 0.5
545 8 0.5
545 10 0.5
545 12 0.5
545 13 0.5
545 17 0.5
545 19 1
545 21 0.5
545 22 1
545 29 0.5
545 36 0.5
545 44 0.5
545 47 0.5
545 49 1
545 50 0.5
545 51 0.5
545 54 0.5
545 55 0.5
545 57 0.5
545 59 1
545 62 0.5
545 66 0.5
545 70 0.5
545 71 0.5
545 78 0.5
545 80 0.5
545 88 1
545 92 1
546 0 0.5
546 1 0.5
546 5 0.5
546 6 0.5
546 8 1
546 12 0.5
546 13 0.5
546 17 1
546 19 0.5
546 21 0.5
546 22 0.5
546 26 0.5
546 29 0.5
546 36 1
546 38 0.5
546 40 0.5
546 47 0.5
546 49 1
546 50 0.5
546 51 0.5
546 54 0.5
546 55 1
546 57 0.5
546 59 0.5
546 62 1
546 63 0.5
546 66 0.5
546 70 1
546 71 0.5
546 76 1
546 77 0.5
546 78 0.5
546 80 0.5
546 88 0.5
546 92 1
546 94 0.5
546 99 0.5
547 0 0.5
547 1 0.5
547 3 0.5
547 5 0.5
547 6 0.5
547 8 0.5
547 11 1
547 15 0.5
547 17 0.5
547 21 0.5
547 26 1
547 36 0.5
547 38 0.5
547 40 1
547 42 0.5
547 47 0.5
547 51 0.5
547 54 0.5
547 55 0.5
547 58 0.5
547 62 0.5
547 63 0.5
547 64 0.5
547 66 0.5
547 70 0.5
547 71 0.5
547 76 1
547 77 1
547 78 1
547 80 0.5
547 81 0.5
547 82 0.5
547 83 0.5
547 88 0.5
547 90 0.5
547 94 0.5
547 95 0.5
548 0 0.5
548 1 0.5
548 3 1
548 5 0.5
548 6 0.5
548 11 0.5
548 15 1
548 16 0.5
548 21 0.5
548 31 0.5
548 34 0.5
548 36 0.5
548 37 0.5
548 38 0.5
548 42 0.5
548 47 0.5
548 51 0.5
548 54 0.5
548 58 0.5
548 63 0.5
548 64 1
548 66 0.5
548 68 1
548 71 0.5
548 73 0.5
548 74 0.5
548 77 0.5
548 78 0.5
548 80 0.5
548 81 0.5
548 82 0.5
548 83 0.5
548 87 0.5
548 88 0.5
548 90 1
548 91 0.5
548 93 0.5
548 95 0.5
548 96 0.5
548 97 0.5
549 0 0.5
549 1 0.5
549 3 0.5
549 5 0.5
549 6 0.5
549 13 0.5
549 14 0.5
549 16 0.5
549 20 0.5
549 31 0.5
549 32 1
549 34 1
549 36 0.5
549 38 0.5
549 41 0.5
549 42 0.5
549 43 0.5
549 45 0.5
549 46 0.5
549 47 0.5
549 48 0.5
549 51 0.5
549 54 0.5
549 60 0.5
549 64 0.5
549 65 0.5
549 66 0.5
549 68 0.5
549 71 0.5
549 73 0.5
549 74 0.5
549 77 0.5
549 80 0.5
549 81 0.5
549 83 0.5
549 87 0.5
549 88 0.5
549 90 0.5
549 91 0.5
549 93 0.5
549 96 0.5
549 97 0.5
550 0 0.5
550 5 0.5
550 9 0.5
550 13 0.5
550 14 0.5
550 16 0.5
550 18 0.5
550 20 0.5
550 24 0.5
550 25 0.5
550 28 0.5
550 31 0.5
550 32 1
550 34 0.5
550 36 0.5
550 38 0.5
550 41 0.5
550 43 0.5
550 45 0.5
550 46 0.5
550 48 0.5
550 51 0.5
550 54 0.5
550 56 0.5
550 60 0.5
550 65 0.5
550 66 0.5
550 67 0.5
550 69 0.5
550 71 0.5
550 80 0.5
550 83 0.5
550 84 0.5
550 85 0.5
550 87 0.5
550 93 0.5
550 96 0.5
550 97 0.5
551 0 0.5
551 4 0.5
551 9 0.5
551 13 0.5
551 24 0.5
551 25 0.5
551 28 0.5
551 36 0.5
551 41 0.5
551 46 0.5
551 51 0.5
551 54 0.5
551 56 0.5
551 60 0.5
551 61 0.5
551 67 0.5
551 69 0.5
551 79 0.5
551 80 0.5
551 84 0.5
551 85 0.5
551 96 0.5
551 98 0.5
552 4 0.5
552 7 0.5
552 23 0.5
552 24 0.5
552 25 0.5
552 27 0.5
552 36 0.5
552 51 0.5
552 54 0.5
552 56 0.5
552 61 0.5
552 69 0.5
552 75 0.5
552 79 0.5
552 85 0.5
552 86 0.5
552 98 0.5
553 23 0.5
553 27 0.5
553 35 0.5
553 39 0.5
553 54 0.5
553 75 0.5
553 85 0.5
553 86 0.5
554 27 0.5
554 35 0.5
554 54 0.5
554 75 0.5
565 14 0.5
565 21 0.5
565 50 0.5
565 72 0.5
566 12 0.5
566 14 0.5
566 21 0.5
566 42 0.5
566 50 0.5
566 62 0.5
566 72 0.5
566 78 0.5
566 79 0.5
566 83 0.5
567 2 0.5
567 6 0.5
567 12 0.5
567 13 0.5
567 21 0.5
567 25 0.5
567 38 0.5
567 39 0.5
567 42 0.5
567 50 0.5
567 59 0.5
567 62 0.5
567 63 0.5
567 72 0.5
567 77 0.5
567 78 0.5
567 79 0.5
567 83 0.5
567 87 0.5
567 89 0.5
568 2 0.5
568 6 0.5
568 12 0.5
568 13 0.5
568 25 0.5
568 33 0.5
568 37 0.5
568 38 0.5
568 39 0.5
568 46 0.5
568 47 0.5
568 50 0.5
568 53 0.5
568 54 0.5
568 57 0.5
568 58 0.5
568 59 0.5
568 63 0.5
568 69 0.5
568 72 0.5
568 75 0.5
568 77 0.5
568 78 0.5
568 83 0.5
568 85 0.5
568 87 0.5
568 88 0.5
568 89 0.5
568 99 0.5
569 1 0.5
569 2 0.5
569 4 0.5
569 5 0.5
569 6 0.5
569 7 0.5
569 13 0.5
569 20 0.5
569 33 0.5
569 37 0.5
569 38 0.5
569 44 0.5
569 46 0.5
569 47 0.5
569 50 0.5
569 51 0.5
569 53 0.5
569 54 0.5
569 57 0.5
569 58 0.5
569 59 0.5
569 63 0.5
569 66 0.5
569 69 0.5
569 72 0.5
569 75 1
569 78 0.5
569 82 0.5
569 83 0.5
569 85 0.5
569 88 0.5
569 89 0.5
569 96 0.5
570 1 0.5
570 4 0.5
570 5 0.5
570 6 0.5
570 7 0.5
570 13 0.5
570 18 0.5
570 20 0.5
570 21 0.5
570 30 0.5
570 33 0.5
570 38 0.5
570 41 0.5
570 44 0.5
570 47 1
570 50 0.5
570 51 0.5
570 52 0.5
570 54 0.5
570 57 0.5
570 59 0.5
570 62 0.5
570 63 0.5
570 66 0.5
570 72 0.5
570 75 0.5
570 78 0.5
570 82 0.5
570 83 0.5
570 85 0.5
570 88 0.5
570 93 0.5
570 96 0.5
571 0 0.5
571 1 0.5
571 5 0.5
571 6 0.5
571 10 1
571 12 0.5
571 13 0.5
571 18 0.5
571 19 0.5
571 21 0.5
571 22 0.5
571 30 1
571 33 0.5
571 36 0.5
571 38 0.5
571 41 0.5
571 44 0.5
571 47 0.5
571 50 0.5
571 51 0.5
571 52 0.5
571 54 0.5
571 57 0.5
571 59 0.5
571 62 0.5
571 63 0.5
571 66 1
571 71 0.5
571 74 0.5
571 75 0.5
571 78 0.5
571 83 0.5
571 85 0.5
571 88 0.5
571 93 0.5
571 96 0.5
572 0 1
572 1 0.5
572 5 0.5
572 6 0.5
572 8 0.5
572 10 0.5
572 12 0.5
572 19 1
572 21 0.5
572 22 1
572 30 0.5
572 33 0.5
572 36 0.5
572 38 0.5
572 44 0.5
572 47 0.5
572 49 0.5
572 51 0.5
572 52 0.5
572 54 0.5
572 57 0.5
572 59 0.5
572 62 1
572 63 0.5
572 66 1
572 71 1
572 78 0.5
572 83 0.5
572 85 0.5
572 88 0.5
572 92 1
572 93 0.5
572 96 0.5
573 0 1
573 1 0.5
573 5 0.5
573 6 0.5
573 8 1
573 12 0.5
573 17 1
573 19 1
573 21 0.5
573 22 0.5
573 29 0.5
573 33 0.5
573 36 1
573 38 0.5
573 42 0.5
573 47 0.5
573 49 1
573 51 0.5
573 54 0.5
573 55 1
573 57 0.5
573 58 0.5
573 59 0.5
573 62 0.5
573 63 0.5
573 66 0.5
573 70 0.5
573 71 1
573 76 0.5
573 77 0.5
573 78 1
573 83 0.5
573 88 0.5
573 92 1
573 93 0.5
573 94 0.5
573 96 0.5
574 0 1
574 1 0.5
574 5 0.5
574 6 0.5
574 8 0.5
574 11 0.5
574 12 0.5
574 17 1
574 21 0.5
574 26 1
574 29 0.5
574 33 0.5
574 36 1
574 38 0.5
574 40 1
574 41 0.5
574 42 0.5
574 47 0.5
574 51 0.5
574 54 0.5
574 55 1
574 58 0.5
574 62 0.5
574 63 1
574 66 0.5
574 70 1
574 71 1
574 76 1
574 77 1
574 78 1
574 81 0.5
574 83 0.5
574 85 0.5
574 91 0.5
574 92 0.5
574 93 0.5
574 94 1
574 95 0.5
574 96 0.5
574 99 0.5
575 0 0.5
575 1 0.5
575 5 0.5
575 11 1
575 14 0.5
575 15 1
575 21 0.5
575 26 0.5
575 33 0.5
575 36 1
575 37 0.5
575 38 0.5
575 40 0.5
575 41 0.5
575 42 0.5
575 47 0.5
575 51 0.5
575 54 0.5
575 58 0.5
575 63 0.5
575 64 0.5
575 66 0.5
575 70 0.5
575 71 1
575 73 0.5
575 76 0.5
575 77 0.5
575 78 0.5
575 81 1
575 82 0.5
575 83 0.5
575 85 0.5
575 87 0.5
575 90 0.5
575 91 0.5
575 93 0.5
575 94 0.5
575 95 0.5
575 96 0.5
575 97 0.5
576 0 0.5
576 1 0.5
576 3 0.5
576 5 0.5
576 11 0.5
576 14 0.5
576 15 1
576 16 0.5
576 20 0.5
576 31 0.5
576 34 0.5
576 36 0.5
576 37 0.5
576 38 0.5
576 41 0.5
576 42 0.5
576 43 0.5
576 45 0.5
576 46 0.5
576 48 0.5
576 51 0.5
576 54 0.5
576 58 0.5
576 64 1
576 66 0.5
576 67 0.5
576 68 1
576 71 0.5
576 73 1
576 74 0.5
576 81 0.5
576 82 0.5
576 83 0.5
576 85 0.5
576 87 0.5
576 88 0.5
576 90 1
576 91 0.5
576 93 0.5
576 96 0.5
576 97 1
577 0 0.5
577 3 0.5
577 5 0.5
577 9 0.5
577 14 0.5
577 16 0.5
577 18 0.5
577 20 0.5
577 25 0.5
577 31 0.5
577 32 1
577 33 0.5
577 34 1
577 36 0.5
577 41 0.5
577 43 0.5
577 45 1
577 46 0.5
577 48 1
577 51 0.5
577 54 0.5
577 60 0.5
577 65 0.5
577 67 0.5
577 68 0.5
577 69 0.5
577 71 0.5
577 73 0.5
577 74 0.5
577 79 0.5
577 83 0.5
577 85 0.5
577 87 0.5
577 88 0.5
577 90 0.5
577 93 0.5
577 96 0.5
577 97 0.5
577 98 0.5
578 4 0.5
578 5 0.5
578 9 0.5
578 18 0.5
578 20 0.5
578 24 0.5
578 25 0.5
578 28 0.5
578 32 1
578 34 0.5
578 36 0.5
578 41 0.5
578 43 0.5
578 45 0.5
578 46 0.5
578 51 0.5
578 54 0.5
578 56 0.5
578 60 0.5
578 67 0.5
578 69 0.5
578 75 0.5
578 79 0.5
578 84 0.5
578 85 0.5
578 88 0.5
578 98 1
579 4 0.5
579 7 0.5
579 9 0.5
579 23 0.5
579 24 0.5
579 25 0.5
579 28 0.5
579 51 0.5
579 54 0.5
579 56 1
579 60 0.5
579 61 0.5
579 69 0.5
579 75 0.5
579 79 0.5
579 84 0.5
579 85 0.5
579 86 0.5
579 88 0.5
579 98 0.5
580 7 0.5
580 23 0.5
580 24 0.5
580 27 0.5
580 35 0.5
580 39 0.5
580 51 0.5
580 54 0.5
580 61 0.5
580 75 0.5
580 86 0.5
581 7 0.5
581 27 0.5
581 35 0.5
581 39 0.5
581 51 0.5
581 54 0.5
582 35 0.5
582 54 0.5
593 21 0.5
593 50 0.5
593 72 0.5
594 12 0.5
594 14 0.5
594 21 0.5
594 42 0.5
594 50 0.5
594 62 0.5
594 72 0.5
594 83 0.5
595 12 0.5
595 14 0.5
595 21 0.5
595 25 0.5
595 42 0.5
595 50 0.5
595 59 0.5
595 62 0.5
595 63 0.5
595 72 0.5
595 78 0.5
595 79 0.5
595 83 0.5
595 87 0.5
595 88 0.5
595 89 0.5
595 91 0.5
595 97 0.5
595 99 0.5
596 6 0.5
596 12 0.5
596 21 0.5
596 25 0.5
596 33 0.5
596 37 0.5
596 39 0.5
596 41 0.5
596 42 0.5
596 44 0.5
596 46 0.5
596 50 0.5
596 53 0.5
596 58 0.5
596 59 0.5
596 62 0.5
596 63 0.5
596 69 0.5
596 72 0.5
596 77 0.5
596 78 0.5
596 79 0.5
596 83 1
596 87 0.5
596 88 0.5
596 89 0.5
596 91 0.5
596 97 0.5
596 99 0.5
597 4 0.5
597 5 0.5
597 6 0.5
597 7 0.5
597 12 0.5
597 13 0.5
597 21 0.5
597 23 0.5
597 25 0.5
597 27 0.5
597 30 0.5
597 33 0.5
597 37 0.5
597 38 0.5
597 39 0.5
597 41 0.5
597 42 0.5
597 44 0.5
597 46 0.5
597 47 0.5
597 58 0.5
597 59 0.5
597 62 0.5
597 63 0.5
597 69 0.5
597 75 0.5
597 77 0.5
597 78 0.5
597 82 0.5
597 83 1
597 85 0.5
597 87 0.5
597 88 0.5
597 97 0.5
597 98 0.5
598 4 0.5
598 5 0.5
598 6 0.5
598 7 0.5
598 10 0.5
598 12 0.5
598 18 0.5
598 20 0.5
598 21 0.5
598 23 0.5
598 25 0.5
598 27 0.5
598 30 1
598 33 1
598 38 0.5
598 41 0.5
598 42 0.5
598 44 1
598 46 0.5
598 47 0.5
598 51 0.5
598 52 0.5
598 54 0.5
598 57 0.5
598 58 0.5
598 59 0.5
598 62 1
598 63 0.5
598 69 0.5
598 75 0.5
598 77 0.5
598 78 1
598 82 0.5
598 83 1
598 85 0.5
598 88 0.5
598 97 0.5
598 98 0.5
599 1 0.5
599 4 0.5
599 5 0.5
599 6 0.5
599 7 0.5
599 10 1
599 12 0.5
599 18 0.5
599 19 0.5
599 20 0.5
599 21 0.5
599 22 1
599 30 0.5
599 33 0.5
599 38 0.5
599 41 0.5
599 42 0.5
599 44 0.5
599 46 0.5
599 47 0.5
599 51 0.5
599 52 0.5
599 57 0.5
599 58 0.5
599 59 0.5
599 62 1
599 63 1
599 69 0.5
599 74 0.5
599 75 1
599 77 0.5
599 78 1
599 83 1
599 85 0.5
599 88 0.5
599 92 0.5
599 93 0.5
599 96 0.5
599 97 0.5
599 98 0.5
600 1 0.5
600 4 0.5
600 5 0.5
600 6 0.5
600 7 0.5
600 8 0.5
600 12 0.5
600 14 0.5
600 17 0.5
600 18 0.5
600 19 1
600 20 0.5
600 21 0.5
600 22 0.5
600 25 0.5
600 29 0.5
600 33 0.5
600 38 0.5
600 41 0.5
600 42 1
600 47 0.5
600 49 1
600 51 0.5
600 54 0.5
600 58 0.5
600 62 0.5
600 63 0.5
600 66 0.5
600 69 0.5
600 71 0.5
600 75 0.5
600 77 0.5
600 78 1
600 81 0.5
600 83 1
600 85 0.5
600 92 1
600 93 0.5
600 96 0.5
600 97 0.5
601 0 0.5
601 1 0.5
601 5 0.5
601 7 0.5
601 8 1
601 14 0.5
601 17 1
601 19 0.5
601 20 0.5
601 21 0.5
601 26 0.5
601 29 0.5
601 33 0.5
601 38 0.5
601 40 0.5
601 41 0.5
601 42 0.5
601 44 0.5
601 46 0.5
601 49 0.5
601 51 0.5
601 54 0.5
601 55 1
601 58 0.5
601 63 0.5
601 66 0.5
601 69 0.5
601 70 0.5
601 71 0.5
601 75 0.5
601 76 1
601 77 0.5
601 78 0.5
601 81 0.5
601 83 1
601 85 0.5
601 87 0.5
601 91 0.5
601 92 0.5
601 93 1
601 94 0.5
601 96 0.5
601 97 0.5
601 99 0.5
602 0 0.5
602 5 0.5
602 7 0.5
602 11 1
602 14 0.5
602 17 0.5
602 20 0.5
602 25 0.5
602 26 1
602 31 0.5
602 33 0.5
602 36 0.5
602 37 0.5
602 40 1
602 41 1
602 42 0.5
602 45 0.5
602 46 0.5
602 48 0.5
602 51 0.5
602 54 0.5
602 55 0.5
602 58 0.5
602 63 0.5
602 64 0.5
602 69 0.5
602 70 1
602 71 0.5
602 75 0.5
602 76 1
602 77 0.5
602 78 0.5
602 81 1
602 83 0.5
602 85 0.5
602 87 0.5
602 91 0.5
602 93 0.5
602 94 0.5
602 95 0.5
602 96 0.5
602 97 1
602 98 0.5
602 99 0.5
603 0 0.5
603 4 0.5
603 5 0.5
603 7 0.5
603 11 1
603 14 0.5
603 15 1
603 20 0.5
603 25 0.5
603 31 0.5
603 33 0.5
603 37 0.5
603 41 1
603 45 0.5
603 46 0.5
603 48 0.5
603 51 0.5
603 53 0.5
603 54 0.5
603 58 0.5
603 64 1
603 67 0.5
603 69 0.5
603 70 0.5
603 71 0.5
603 73 0.5
603 75 0.5
603 79 0.5
603 81 0.5
603 82 0.5
603 83 0.5
603 85 0.5
603 87 0.5
603 90 0.5
603 91 1
603 93 0.5
603 95 0.5
603 96 0.5
603 97 1
603 98 0.5
604 3 0.5
604 4 0.5
604 7 0.5
604 9 0.5
604 14 0.5
604 15 0.5
604 16 0.5
604 18 0.5
604 20 0.5
604 25 0.5
604 31 1
604 33 0.5
604 34 0.5
604 41 0.5
604 43 0.5
604 45 0.5
604 46 0.5
604 48 1
604 51 0.5
604 54 0.5
604 64 0.5
604 65 0.5
604 67 1
604 68 1
604 69 1
604 70 0.5
604 73 0.5
604 74 0.5
604 75 0.5
604 79 0.5
604 82 0.5
604 85 0.5
604 90 1
604 91 0.5
604 93 0.5
604 97 0.5
604 98 0.5
605 4 0.5
605 7 0.5
605 9 1
605 16 0.5
605 18 0.5
605 20 0.5
605 23 0.5
605 25 0.5
605 31 0.5
605 32 1
605 33 0.5
605 34 1
605 41 0.5
605 43 0.5
605 45 0.5
605 46 0.5
605 48 0.5
605 51 0.5
605 54 0.5
605 56 0.5
605 65 0.5
605 67 0.5
605 68 0.5
605 69 0.5
605 74 0.5
605 75 0.5
605 79 0.5
605 85 0.5
605 98 1
606 4 0.5
606 7 0.5
606 9 0.5
606 18 0.5
606 23 0.5
606 24 0.5
606 27 0.5
606 28 0.5
606 32 0.5
606 33 0.5
606 34 0.5
606 39 0.5
606 43 0.5
606 51 0.5
606 54 0.5
606 56 1
606 61 0.5
606 69 0.5
606 75 0.5
606 79 0.5
606 84 0.5
606 86 0.5
606 98 0.5
607 7 0.5
607 23 0.5
607 24 0.5
607 27 0.5
607 28 0.5
607 33 0.5
607 35 0.5
607 39 0.5
607 51 0.5
607 54 0.5
607 56 0.5
607 61 0.5
607 75 0.5
607 84 0.5
607 86 0.5
607 98 0.5
608 7 0.5
608 23 0.5
608 24 0.5
608 27 0.5
608 35 0.5
608 39 0.5
608 54 0.5
608 86 0.5
609 27 0.5
609 35 0.5
622 14 0.5
623 12 0.5
623 14 0.5
623 21 0.5
623 42 0.5
623 62 0.5
623 81 0.5
623 99 0.5
624 12 0.5
624 14 0.5
624 21 0.5
624 42 0.5
624 45 0.5
624 53 0.5
624 62 0.5
624 67 0.5
624 78 0.5
624 79 0.5
624 81 0.5
624 87 0.5
624 88 0.5
624 89 0.5
624 91 0.5
624 97 0.5
624 99 0.5
625 6 0.5
625 10 0.5
625 12 0.5
625 14 0.5
625 21 0.5
625 25 0.5
625 30 0.5
625 33 0.5
625 37 0.5
625 39 0.5
625 42 0.5
625 44 0.5
625 45 0.5
625 46 0.5
625 48 0.5
625 53 0.5
625 58 0.5
625 62 0.5
625 63 0.5
625 67 0.5
625 69 0.5
625 77 0.5
625 78 0.5
625 79 0.5
625 81 0.5
625 82 0.5
625 83 0.5
625 87 0.5
625 88 0.5
625 89 0.5
625 91 0.5
625 97 0.5
625 99 0.5
626 6 0.5
626 7 0.5
626 10 1
626 12 0.5
626 14 0.5
626 20 0.5
626 22 0.5
626 23 0.5
626 25 0.5
626 27 0.5
626 30 1
626 31 0.5
626 33 0.5
626 37 0.5
626 39 0.5
626 41 0.5
626 42 0.5
626 44 0.5
626 45 0.5
626 46 0.5
626 48 0.5
626 52 0.5
626 56 0.5
626 58 0.5
626 61 0.5
626 62 0.5
626 63 0.5
626 67 0.5
626 69 0.5
626 77 0.5
626 78 0.5
626 79 0.5
626 81 0.5
626 82 0.5
626 83 0.5
626 87 0.5
626 89 0.5
626 91 0.5
626 92 0.5
626 97 1
626 98 0.5
626 99 0.5
627 4 0.5
627 5 0.5
627 7 0.5
627 8 0.5
627 9 0.5
627 10 0.5
627 12 0.5
627 14 0.5
627 18 0.5
627 19 0.5
627 20 0.5
627 22 1
627 23 0.5
627 25 0.5
627 27 0.5
627 30 0.5
627 31 0.5
627 33 0.5
627 37 0.5
627 39 0.5
627 41 0.5
627 42 0.5
627 45 0.5
627 46 0.5
627 48 0.5
627 49 0.5
627 52 0.5
627 56 0.5
627 58 0.5
627 63 0.5
627 65 0.5
627 67 0.5
627 69 1
627 74 0.5
627 75 0.5
627 77 0.5
627 78 0.5
627 79 0.5
627 81 1
627 82 0.5
627 83 0.5
627 87 0.5
627 89 0.5
627 91 0.5
627 92 1
627 97 1
627 98 1
627 99 0.5
628 4 0.5
628 5 0.5
628 7 0.5
628 8 0.5
628 9 0.5
628 14 0.5
628 17 1
628 18 0.5
628 19 1
628 20 0.5
628 23 0.5
628 25 0.5
628 27 0.5
628 29 0.5
628 31 0.5
628 33 0.5
628 37 0.5
628 39 0.5
628 41 0.5
628 42 0.5
628 45 0.5
628 46 0.5
628 48 0.5
628 49 1
628 52 0.5
628 55 0.5
628 56 0.5
628 58 0.5
628 63 0.5
628 65 0.5
628 67 0.5
628 69 0.5
628 74 0.5
628 75 0.5
628 76 0.5
628 77 0.5
628 78 0.5
628 79 0.5
628 81 1
628 82 0.5
628 83 0.5
628 84 0.5
628 87 0.5
628 89 0.5
628 91 1
628 92 0.5
628 97 1
628 98 1
628 99 0.5
629 4 0.5
629 5 0.5
629 7 1
629 9 0.5
629 11 0.5
629 14 0.5
629 17 1
629 18 0.5
629 19 0.5
629 20 0.5
629 23 0.5
629 25 0.5
629 26 0.5
629 27 0.5
629 31 0.5
629 33 0.5
629 35 0.5
629 37 0.5
629 39 0.5
629 40 0.5
629 41 0.5
629 43 0.5
629 45 1
629 46 0.5
629 48 0.5
629 53 0.5
629 55 1
629 56 0.5
629 58 0.5
629 65 0.5
629 67 0.5
629 69 1
629 70 0.5
629 75 0.5
629 76 1
629 79 0.5
629 81 0.5
629 82 0.5
629 84 0.5
629 87 0.5
629 89 0.5
629 91 1
629 94 0.5
629 95 0.5
629 97 1
629 98 1
629 99 0.5
630 4 0.5
630 7 1
630 9 0.5
630 11 1
630 14 0.5
630 15 0.5
630 18 0.5
630 20 0.5
630 23 0.5
630 25 0.5
630 26 0.5
630 27 0.5
630 31 1
630 33 0.5
630 35 0.5
630 37 0.5
630 39 0.5
630 40 0.5
630 41 0.5
630 43 0.5
630 45 1
630 46 1
630 48 1
630 53 0.5
630 55 0.5
630 56 0.5
630 64 0.5
630 65 0.5
630 67 1
630 69 1
630 70 1
630 75 0.5
630 76 0.5
630 79 0.5
630 81 0.5
630 82 0.5
630 84 0.5
630 87 0.5
630 91 0.5
630 94 0.5
630 95 0.5
630 97 0.5
630 98 1
631 4 1
631 7 1
631 9 1
631 11 0.5
631 15 1
631 16 0.5
631 18 0.5
631 20 0.5
631 23 0.5
631 25 0.5
631 27 0.5
631 31 0.5
631 33 0.5
631 35 0.5
631 37 0.5
631 39 0.5
631 41 0.5
631 43 0.5
631 45 0.5
631 46 0.5
631 48 1
631 53 0.5
631 56 0.5
631 61 0.5
631 64 0.5
631 65 0.5
631 67 1
631 68 0.5
631 69 1
631 70 0.5
631 73 0.5
631 75 0.5
631 79 0.5
631 82 0.5
631 86 0.5
631 90 0.5
631 91 0.5
631 97 0.5
631 98 1
632 3 0.5
632 4 0.5
632 7 1
632 9 1
632 15 0.5
632 16 0.5
632 18 0.5
632 23 0.5
632 25 0.5
632 27 0.5
632 34 0.5
632 35 0.5
632 39 0.5
632 43 0.5
632 48 0.5
632 56 1
632 61 0.5
632 65 0.5
632 67 0.5
632 68 1
632 69 0.5
632 70 0.5
632 73 0.5
632 74 0.5
632 75 0.5
632 79 0.5
632 86 0.5
632 90 1
632 98 0.5
633 4 0.5
633 7 1
633 9 0.5
633 18 0.5
633 23 0.5
633 27 1
633 32 0.5
633 34 1
633 35 0.5
633 39 0.5
633 43 0.5
633 56 1
633 61 0.5
633 65 0.5
633 68 0.5
633 69 0.5
633 74 0.5
633 75 0.5
633 84 0.5
633 86 0.5
633 98 0.5
634 7 0.5
634 23 0.5
634 27 1
634 28 0.5
634 32 1
634 35 0.5
634 39 0.5
634 56 0.5
634 61 0.5
634 84 1
634 86 0.5
635 7 0.5
635 24 0.5
635 27 0.5
635 28 0.5
635 35 0.5
635 84 0.5
635 86 0.5
636 35 0.5
637 35 0.5
651 45 0.5
652 45 0.5
652 81 0.5
652 99 0.5
653 10 0.5
653 14 0.5
653 22 0.5
653 30 0.5
653 45 0.5
653 48 0.5
653 53 0.5
653 67 0.5
653 79 0.5
653 81 0.5
653 87 0.5
653 89 0.5
653 91 0.5
653 92 0.5
653 99 0.5
654 10 0.5
654 22 1
654 30 0.5
654 31 0.5
654 37 0.5
654 39 0.5
654 45 0.5
654 48 0.5
654 53 0.5
654 58 0.5
654 61 0.5
654 67 0.5
654 79 0.5
654 81 0.5
654 82 0.5
654 87 0.5
654 89 0.5
654 91 0.5
654 92 0.5
654 99 0.5
655 8 0.5
655 9 0.5
655 17 0.5
655 19 0.5
655 22 0.5
655 23 0.5
655 31 0.5
655 37 0.5
655 39 0.5
655 43 0.5
655 45 0.5
655 46 0.5
655 48 1
655 49 1
655 52 0.5
655 53 1
655 56 0.5
655 58 0.5
655 61 0.5
655 65 0.5
655 67 0.5
655 74 0.5
655 76 0.5
655 79 0.5
655 81 0.5
655 82 0.5
655 87 0.5
655 89 0.5
655 91 0.5
655 92 0.5
655 99 0.5
656 8 0.5
656 9 0.5
656 17 1
656 18 0.5
656 19 0.5
656 20 0.5
656 23 0.5
656 26 0.5
656 27 0.5
656 29 0.5
656 31 0.5
656 37 0.5
656 39 0.5
656 40 0.5
656 43 0.5
656 45 0.5
656 46 0.5
656 48 0.5
656 49 0.5
656 52 0.5
656 53 1
656 55 0.5
656 56 0.5
656 61 0.5
656 65 0.5
656 67 1
656 69 0.5
656 74 0.5
656 76 1
656 79 0.5
656 81 0.5
656 82 1
656 86 0.5
656 89 0.5
656 91 0.5
656 98 0.5
656 99 0.5
657 9 1
657 11 0.5
657 17 0.5
657 18 0.5
657 20 0.5
657 23 0.5
657 26 0.5
657 27 0.5
657 31 0.5
657 37 0.5
657 39 1
657 40 0.5
657 43 0.5
657 45 0.5
657 48 0.5
657 53 0.5
657 55 1
657 56 1
657 61 1
657 64 0.5
657 65 1
657 67 0.5
657 69 0.5
657 74 0.5
657 76 0.5
657 79 0.5
657 82 1
657 84 0.5
657 86 0.5
657 91 0.5
657 94 0.5
657 98 0.5
658 4 0.5
658 7 0.5
658 9 1
658 11 1
658 15 0.5
658 18 0.5
658 23 1
658 26 0.5
658 27 0.5
658 31 0.5
658 35 0.5
658 39 1
658 43 0.5
658 45 0.5
658 48 0.5
658 53 0.5
658 55 0.5
658 56 0.5
658 61 1
658 64 0.5
658 65 1
658 67 0.5
658 70 0.5
658 73 0.5
658 74 0.5
658 79 0.5
658 82 0.5
658 84 0.5
658 86 0.5
658 94 0.5
658 98 0.5
659 4 0.5
659 7 0.5
659 9 0.5
659 11 0.5
659 15 0.5
659 18 0.5
659 23 0.5
659 27 0.5
659 35 0.5
659 39 0.5
659 43 0.5
659 56 0.5
659 61 1
659 64 0.5
659 65 0.5
659 68 0.5
659 70 0.5
659 73 0.5
659 74 0.5
659 84 0.5
659 86 0.5
659 90 0.5
660 3 0.5
660 18 0.5
660 23 0.5
660 27 0.5
660 34 0.5
660 35 0.5
660 39 0.5
660 43 0.5
660 56 0.5
660 61 0.5
660 65 0.5
660 68 1
660 74 0.5
660 84 1
660 86 0.5
660 90 0.5
661 27 0.5
661 32 0.5
661 34 0.5
661 35 0.5
661 61 0.5
661 68 0.5
661 84 0.5
661 86 0.5
662 28 0.5
662 32 0.5
662 35 0.5
662 84 0.5
663 24 0.5
663 28 0.5
663 35 0.5
681 10 0.5
681 22 0.5
681 92 0.5
682 22 0.5
682 49 0.5
682 92 0.5
683 8 0.5
683 17 0.5
683 49 0.5
683 53 0.5
683 76 0.5
684 17 0.5
684 26 0.5
684 40 0.5
684 43 0.5
684 55 0.5
684 61 0.5
684 65 0.5
684 76 0.5
685 11 0.5
685 26 0.5
685 40 0.5
685 55 0.5
685 61 0.5
685 64 0.5
685 65 0.5
685 86 0.5
686 11 0.5
686 61 0.5
686 64 0.5
686 73 0.5
686 74 0.5
686 86 0.5
687 68 0.5
687 84 0.5
687 90 0.5
688 68 0.5
688 84 0.5
688 90 0.5
689 68 0.5
690 28 0.5
691 28 0.5
708 92 0.5
709 22 0.5
709 92 0.5
711 17 0.5
711 76 0.5
712 17 0.5
712 26 0.5
712 40 0.5
712 55 0.5
712 76 0.5
713 11 0.5
713 55 0.5
713 64 0.5
714 11 0.5
714 64 0.5
716 68 0.5
717 68 0.5
