3251
124 54 1
125 54 1
125 77 1
126 54 1
126 71 1
126 77 1
127 54 1
127 88 1
128 62 1
129 1 1
129 62 1
150 98 1
151 7 1
151 54 1
151 77 1
151 98 1
152 5 1
152 7 1
152 51 1
152 54 1
152 77 1
152 98 1
153 0 1
153 4 1
153 5 1
153 7 1
153 33 1
153 51 1
153 54 1
153 71 1
153 77 1
153 98 1
154 4 1
154 7 1
154 13 1
154 33 1
154 54 1
154 67 1
154 70 1
154 71 1
154 77 1
154 88 1
154 97 1
154 98 1
155 7 1
155 13 1
155 33 1
155 54 1
155 67 1
155 77 1
155 88 1
155 93 1
155 96 1
155 97 1
155 98 1
156 1 1
156 19 1
156 33 1
156 77 1
156 88 1
156 96 1
156 97 1
157 1 1
157 42 1
157 83 1
157 88 1
158 47 1
158 62 1
158 72 1
159 47 1
159 62 1
159 72 1
176 27 1
177 27 1
177 61 1
178 5 1
178 7 1
178 27 1
178 54 1
178 61 1
179 5 1
179 7 1
179 9 1
179 27 1
179 54 1
179 61 1
179 84 1
180 0 1
180 4 1
180 5 1
180 7 1
180 9 1
180 18 1
180 27 1
180 31 1
180 39 1
180 45 1
180 57 1
180 61 1
180 67 1
180 69 1
180 84 1
181 4 1
181 5 1
181 9 1
181 18 1
181 20 1
181 23 1
181 25 1
181 27 1
181 31 1
181 39 1
181 44 1
181 45 1
181 51 1
181 56 1
181 57 1
181 61 1
181 65 1
181 67 1
181 69 1
181 70 1
181 71 1
181 74 1
181 84 1
182 5 1
182 6 1
182 9 1
182 18 1
182 20 1
182 23 1
182 31 1
182 37 1
182 44 1
182 45 1
182 46 1
182 48 1
182 51 1
182 56 1
182 57 1
182 61 1
182 65 1
182 66 1
182 70 1
182 74 1
182 81 1
182 82 1
182 84 1
182 93 1
182 96 1
183 1 1
183 4 1
183 5 1
183 6 1
183 9 1
183 13 1
183 20 1
183 23 1
183 31 1
183 37 1
183 39 1
183 41 1
183 44 1
183 45 1
183 48 1
183 51 1
183 53 1
183 56 1
183 61 1
183 65 1
183 67 1
183 74 1
183 81 1
183 82 1
183 84 1
183 87 1
183 93 1
183 96 1
183 98 1
184 1 1
184 6 1
184 13 1
184 19 1
184 23 1
184 31 1
184 33 1
184 37 1
184 39 1
184 44 1
184 45 1
184 48 1
184 53 1
184 56 1
184 58 1
184 61 1
184 65 1
184 67 1
184 79 1
184 81 1
184 82 1
184 87 1
184 98 1
185 14 1
185 33 1
185 44 1
185 45 1
185 47 1
185 48 1
185 53 1
185 56 1
185 58 1
185 77 1
185 79 1
185 81 1
185 82 1
185 87 1
185 99 1
186 14 1
186 30 1
186 45 1
186 47 1
186 48 1
186 53 1
186 56 1
186 58 1
186 59 1
186 81 1
186 87 1
186 88 1
187 14 1
187 48 1
187 53 1
188 72 1
205 35 1
205 61 1
205 84 1
205 86 1
206 9 1
206 23 1
206 35 1
206 39 1
206 84 1
206 86 1
207 0 1
207 4 1
207 6 1
207 9 1
207 18 1
207 23 1
207 28 1
207 35 1
207 39 1
207 56 1
207 65 1
207 74 1
207 86 1
208 0 1
208 4 1
208 6 1
208 9 1
208 20 1
208 23 1
208 25 1
208 28 1
208 35 1
208 46 1
208 56 1
208 65 1
208 71 1
208 74 1
208 82 1
208 86 1
209 6 1
209 9 1
209 20 1
209 23 1
209 28 1
209 35 1
209 37 1
209 41 1
209 43 1
209 46 1
209 48 1
209 53 1
209 56 1
209 65 1
209 66 1
209 70 1
209 71 1
209 79 1
209 82 1
209 86 1
209 89 1
209 93 1
209 96 1
210 6 1
210 9 1
210 14 1
210 28 1
210 35 1
210 41 1
210 43 1
210 48 1
210 52 1
210 53 1
210 56 1
210 70 1
210 73 1
210 79 1
210 81 1
210 85 1
210 86 1
210 89 1
210 91 1
210 93 1
210 96 1
211 1 1
211 9 1
211 19 1
211 35 1
211 40 1
211 41 1
211 43 1
211 48 1
211 51 1
211 52 1
211 57 1
211 58 1
211 70 1
211 73 1
211 79 1
211 81 1
211 86 1
211 89 1
211 91 1
212 5 1
212 19 1
212 31 1
212 40 1
212 43 1
212 47 1
212 52 1
212 57 1
212 73 1
212 79 1
212 86 1
212 89 1
212 91 1
212 98 1
213 13 1
213 21 1
213 30 1
213 31 1
213 39 1
213 40 1
213 43 1
213 47 1
213 52 1
213 73 1
213 78 1
213 79 1
213 86 1
213 87 1
213 91 1
214 21 1
214 30 1
214 39 1
214 43 1
214 44 1
214 52 1
214 77 1
214 78 1
214 79 1
214 87 1
214 88 1
214 91 1
215 43 1
215 44 1
215 45 1
215 59 1
215 81 1
215 91 1
216 21 1
216 29 1
216 62 1
216 72 1
216 91 1
217 91 1
218 91 1
232 35 1
233 23 1
233 28 1
233 39 1
233 68 1
233 86 1
234 4 1
234 11 1
234 23 1
234 28 1
234 56 1
234 68 1
234 74 1
234 85 1
234 86 1
235 0 1
235 11 1
235 25 1
235 43 1
235 46 1
235 56 1
235 65 1
235 68 1
235 85 1
235 86 1
235 90 1
236 11 1
236 17 1
236 20 1
236 22 1
236 26 1
236 41 1
236 43 1
236 46 1
236 48 1
236 55 1
236 66 1
236 68 1
236 71 1
236 73 1
236 79 1
236 86 1
236 89 1
237 11 1
237 14 1
237 17 1
237 22 1
237 40 1
237 41 1
237 43 1
237 48 1
237 52 1
237 55 1
237 68 1
237 70 1
237 73 1
237 79 1
237 87 1
237 89 1
237 91 1
237 92 1
237 93 1
237 96 1
237 99 1
238 1 1
238 11 1
238 12 1
238 17 1
238 22 1
238 40 1
238 43 1
238 52 1
238 55 1
238 68 1
238 70 1
238 73 1
238 79 1
238 87 1
238 91 1
238 93 1
239 1 1
239 11 1
239 17 1
239 19 1
239 21 1
239 22 1
239 43 1
239 47 1
239 55 1
239 63 1
239 68 1
239 70 1
239 91 1
240 11 1
240 19 1
240 21 1
240 22 1
240 43 1
240 47 1
240 51 1
240 55 1
240 57 1
240 63 1
240 68 1
240 91 1
241 3 1
241 5 1
241 11 1
241 13 1
241 22 1
241 30 1
241 31 1
241 55 1
241 63 1
241 78 1
241 86 1
241 91 1
242 17 1
242 22 1
242 30 1
242 40 1
242 52 1
242 55 1
242 63 1
242 88 1
242 94 1
243 22 1
243 44 1
243 45 1
243 59 1
243 63 1
244 29 1
244 62 1
244 63 1
244 72 1
245 63 1
245 95 1
246 63 1
247 63 1
260 28 1
260 39 1
260 60 1
260 68 1
261 11 1
261 28 1
261 36 1
261 39 1
261 64 1
261 68 1
261 85 1
262 0 1
262 4 1
262 11 1
262 17 1
262 25 1
262 56 1
262 64 1
262 68 1
262 73 1
262 85 1
262 90 1
263 0 1
263 3 1
263 11 1
263 14 1
263 17 1
263 20 1
263 22 1
263 26 1
263 40 1
263 41 1
263 43 1
263 46 1
263 55 1
263 64 1
263 66 1
263 71 1
263 73 1
263 76 1
263 79 1
263 82 1
264 14 1
264 17 1
264 20 1
264 40 1
264 41 1
264 43 1
264 49 1
264 55 1
264 64 1
264 66 1
264 71 1
264 76 1
264 79 1
264 91 1
264 92 1
264 93 1
264 96 1
265 1 1
265 58 1
265 63 1
265 64 1
265 70 1
265 76 1
265 87 1
265 91 1
265 92 1
265 93 1
265 96 1
266 1 1
266 12 1
266 21 1
266 47 1
266 63 1
266 64 1
266 70 1
266 76 1
267 16 1
267 19 1
267 21 1
267 47 1
267 63 1
267 64 1
267 68 1
267 70 1
267 76 1
268 19 1
268 30 1
268 51 1
268 55 1
268 63 1
268 64 1
268 68 1
268 76 1
268 98 1
269 3 1
269 5 1
269 11 1
269 13 1
269 30 1
269 31 1
269 55 1
269 57 1
269 63 1
269 64 1
269 68 1
269 76 1
269 90 1
269 97 1
270 11 1
270 17 1
270 22 1
270 33 1
270 34 1
270 52 1
270 55 1
270 63 1
270 64 1
270 76 1
270 88 1
270 94 1
271 15 1
271 17 1
271 22 1
271 29 1
271 44 1
271 45 1
271 59 1
271 63 1
271 64 1
271 76 1
271 81 1
271 92 1
272 10 1
272 62 1
272 63 1
272 72 1
272 92 1
272 95 1
273 50 1
273 92 1
273 95 1
287 16 1
287 28 1
287 60 1
287 75 1
288 16 1
288 28 1
288 36 1
288 39 1
288 85 1
289 4 1
289 16 1
289 25 1
289 34 1
289 56 1
289 64 1
289 73 1
289 90 1
290 0 1
290 8 1
290 16 1
290 20 1
290 38 1
290 40 1
290 43 1
290 46 1
290 64 1
290 66 1
290 73 1
290 79 1
290 90 1
291 0 1
291 3 1
291 14 1
291 16 1
291 20 1
291 40 1
291 41 1
291 42 1
291 43 1
291 49 1
291 66 1
291 71 1
291 76 1
291 82 1
291 91 1
291 96 1
292 16 1
292 49 1
292 58 1
292 63 1
292 71 1
292 87 1
292 93 1
292 96 1
293 1 1
293 16 1
293 21 1
293 47 1
293 63 1
293 70 1
293 93 1
294 16 1
294 19 1
294 21 1
294 47 1
294 70 1
295 16 1
295 19 1
295 51 1
295 70 1
295 98 1
296 16 1
296 19 1
296 30 1
296 31 1
296 51 1
296 67 1
296 97 1
297 3 1
297 11 1
297 13 1
297 16 1
297 30 1
297 31 1
297 32 1
297 33 1
297 52 1
297 55 1
297 57 1
297 68 1
297 90 1
297 94 1
298 5 1
298 11 1
298 15 1
298 16 1
298 17 1
298 22 1
298 29 1
298 33 1
298 34 1
298 45 1
298 52 1
298 55 1
298 64 1
298 88 1
298 94 1
299 10 1
299 15 1
299 16 1
299 17 1
299 22 1
299 24 1
299 29 1
299 44 1
299 59 1
299 64 1
299 76 1
299 81 1
300 10 1
300 12 1
300 53 1
300 62 1
300 72 1
300 92 1
300 95 1
300 99 1
301 42 1
301 50 1
301 92 1
302 38 1
315 16 1
315 24 1
315 28 1
315 39 1
315 60 1
315 75 1
315 85 1
316 16 1
316 25 1
316 32 1
316 34 1
316 36 1
316 73 1
317 4 1
317 16 1
317 38 1
317 46 1
317 56 1
317 73 1
317 74 1
317 79 1
317 90 1
318 0 1
318 3 1
318 14 1
318 16 1
318 20 1
318 26 1
318 40 1
318 41 1
318 43 1
318 46 1
318 66 1
318 95 1
319 3 1
319 20 1
319 21 1
319 41 1
319 49 1
319 63 1
319 71 1
319 82 1
319 87 1
319 91 1
319 96 1
320 1 1
320 21 1
320 47 1
320 58 1
320 93 1
321 1 1
321 47 1
321 69 1
321 70 1
321 78 1
322 19 1
322 67 1
322 69 1
322 70 1
322 78 1
322 97 1
322 98 1
323 19 1
323 30 1
323 31 1
323 51 1
323 67 1
323 70 1
323 80 1
323 97 1
324 13 1
324 19 1
324 30 1
324 31 1
324 51 1
324 55 1
324 67 1
324 83 1
324 97 1
325 3 1
325 11 1
325 13 1
325 26 1
325 32 1
325 33 1
325 45 1
325 52 1
325 55 1
325 57 1
325 68 1
325 81 1
325 83 1
325 88 1
325 90 1
325 94 1
326 5 1
326 10 1
326 11 1
326 15 1
326 16 1
326 17 1
326 22 1
326 29 1
326 34 1
326 44 1
326 49 1
326 81 1
326 83 1
326 88 1
327 8 1
327 10 1
327 12 1
327 15 1
327 16 1
327 22 1
327 24 1
327 53 1
327 58 1
327 59 1
327 64 1
327 72 1
327 73 1
327 76 1
327 92 1
327 95 1
327 99 1
328 4 1
328 8 1
328 16 1
328 62 1
328 92 1
328 95 1
329 42 1
329 50 1
330 38 1
342 28 1
343 24 1
343 28 1
343 39 1
343 60 1
343 75 1
343 85 1
344 4 1
344 25 1
344 32 1
344 34 1
344 36 1
344 38 1
344 73 1
345 0 1
345 8 1
345 14 1
345 40 1
345 46 1
345 56 1
345 66 1
345 79 1
345 90 1
345 95 1
346 0 1
346 3 1
346 10 1
346 14 1
346 20 1
346 21 1
346 41 1
346 49 1
346 74 1
346 87 1
346 91 1
346 96 1
347 1 1
347 21 1
347 41 1
347 47 1
347 58 1
347 63 1
347 71 1
347 87 1
347 91 1
347 93 1
347 96 1
348 1 1
348 23 1
348 27 1
348 47 1
348 67 1
348 78 1
348 93 1
349 9 1
349 23 1
349 27 1
349 31 1
349 67 1
349 70 1
349 78 1
349 97 1
349 98 1
350 9 1
350 19 1
350 23 1
350 27 1
350 30 1
350 31 1
350 61 1
350 67 1
350 69 1
350 70 1
350 78 1
350 83 1
350 97 1
350 98 1
351 19 1
351 23 1
351 27 1
351 30 1
351 31 1
351 45 1
351 51 1
351 52 1
351 61 1
351 65 1
351 67 1
351 69 1
351 70 1
351 78 1
351 80 1
351 81 1
351 83 1
351 97 1
352 3 1
352 13 1
352 18 1
352 23 1
352 26 1
352 27 1
352 30 1
352 33 1
352 37 1
352 45 1
352 52 1
352 55 1
352 65 1
352 67 1
352 69 1
352 81 1
352 83 1
352 90 1
352 94 1
352 97 1
353 3 1
353 10 1
353 11 1
353 13 1
353 15 1
353 17 1
353 22 1
353 23 1
353 26 1
353 29 1
353 32 1
353 33 1
353 45 1
353 49 1
353 53 1
353 55 1
353 57 1
353 67 1
353 68 1
353 69 1
353 81 1
353 83 1
353 88 1
353 90 1
353 94 1
353 99 1
354 5 1
354 8 1
354 10 1
354 11 1
354 15 1
354 17 1
354 22 1
354 24 1
354 29 1
354 32 1
354 34 1
354 40 1
354 44 1
354 49 1
354 53 1
354 59 1
354 72 1
354 76 1
354 88 1
354 99 1
355 8 1
355 16 1
355 24 1
355 58 1
355 59 1
355 64 1
355 72 1
355 73 1
355 76 1
355 92 1
355 95 1
356 4 1
356 16 1
356 50 1
356 62 1
356 89 1
356 92 1
370 28 1
370 60 1
370 85 1
371 24 1
371 25 1
371 38 1
371 60 1
371 85 1
372 4 1
372 14 1
372 15 1
372 24 1
372 32 1
372 34 1
372 73 1
372 79 1
372 95 1
373 0 1
373 3 1
373 14 1
373 21 1
373 26 1
373 29 1
373 46 1
373 66 1
373 90 1
373 94 1
374 0 1
374 20 1
374 26 1
374 43 1
374 49 1
374 58 1
374 63 1
374 71 1
374 74 1
374 87 1
374 91 1
374 96 1
375 1 1
375 41 1
375 47 1
375 58 1
375 63 1
375 71 1
375 74 1
375 91 1
375 93 1
376 9 1
376 31 1
376 48 1
376 61 1
376 82 1
376 93 1
377 7 1
377 9 1
377 18 1
377 31 1
377 35 1
377 37 1
377 45 1
377 61 1
377 65 1
377 70 1
377 81 1
377 98 1
378 7 1
378 9 1
378 18 1
378 19 1
378 30 1
378 31 1
378 37 1
378 41 1
378 45 1
378 52 1
378 61 1
378 65 1
378 70 1
378 80 1
378 81 1
378 83 1
379 7 1
379 9 1
379 12 1
379 18 1
379 19 1
379 26 1
379 30 1
379 33 1
379 37 1
379 41 1
379 45 1
379 51 1
379 52 1
379 61 1
379 65 1
379 70 1
379 81 1
379 83 1
379 90 1
380 3 1
380 7 1
380 9 1
380 10 1
380 13 1
380 26 1
380 32 1
380 33 1
380 37 1
380 41 1
380 45 1
380 49 1
380 52 1
380 53 1
380 55 1
380 81 1
380 82 1
380 88 1
380 90 1
380 94 1
380 97 1
380 99 1
381 3 1
381 8 1
381 10 1
381 11 1
381 15 1
381 17 1
381 22 1
381 26 1
381 27 1
381 29 1
381 32 1
381 34 1
381 40 1
381 41 1
381 44 1
381 49 1
381 53 1
381 55 1
381 57 1
381 68 1
381 69 1
381 72 1
381 88 1
381 90 1
381 94 1
381 99 1
382 8 1
382 10 1
382 15 1
382 22 1
382 23 1
382 24 1
382 27 1
382 28 1
382 32 1
382 34 1
382 40 1
382 59 1
382 64 1
382 69 1
382 72 1
382 73 1
382 76 1
382 89 1
382 92 1
382 95 1
383 6 1
383 8 1
383 16 1
383 20 1
383 24 1
383 28 1
383 50 1
383 58 1
383 60 1
383 62 1
383 64 1
383 73 1
383 89 1
383 92 1
383 95 1
384 50 1
384 60 1
385 36 1
398 38 1
398 60 1
398 75 1
398 85 1
399 24 1
399 25 1
399 36 1
399 38 1
399 60 1
400 4 1
400 14 1
400 15 1
400 21 1
400 24 1
400 29 1
400 32 1
400 34 1
400 36 1
400 42 1
400 46 1
400 66 1
400 95 1
401 0 1
401 3 1
401 8 1
401 15 1
401 20 1
401 29 1
401 32 1
401 87 1
401 90 1
401 94 1
401 96 1
402 1 1
402 20 1
402 26 1
402 43 1
402 47 1
402 58 1
402 71 1
402 87 1
402 90 1
402 96 1
403 26 1
403 43 1
403 71 1
403 93 1
404 7 1
404 9 1
404 12 1
404 26 1
404 31 1
404 35 1
404 43 1
404 45 1
404 61 1
404 63 1
404 74 1
404 81 1
404 84 1
405 7 1
405 12 1
405 18 1
405 19 1
405 26 1
405 30 1
405 31 1
405 35 1
405 37 1
405 45 1
405 61 1
405 63 1
405 65 1
405 70 1
405 81 1
405 82 1
405 84 1
405 86 1
405 90 1
405 99 1
406 7 1
406 12 1
406 18 1
406 19 1
406 26 1
406 30 1
406 31 1
406 32 1
406 33 1
406 35 1
406 37 1
406 45 1
406 51 1
406 52 1
406 61 1
406 65 1
406 70 1
406 81 1
406 82 1
406 84 1
406 86 1
406 90 1
406 99 1
407 7 1
407 8 1
407 10 1
407 12 1
407 13 1
407 18 1
407 19 1
407 26 1
407 30 1
407 31 1
407 32 1
407 33 1
407 35 1
407 37 1
407 44 1
407 45 1
407 49 1
407 52 1
407 53 1
407 55 1
407 61 1
407 65 1
407 70 1
407 81 1
407 82 1
407 86 1
407 90 1
407 99 1
408 3 1
408 8 1
408 9 1
408 10 1
408 13 1
408 15 1
408 17 1
408 22 1
408 24 1
408 26 1
408 29 1
408 32 1
408 40 1
408 44 1
408 49 1
408 55 1
408 82 1
408 86 1
408 88 1
408 89 1
408 90 1
408 94 1
408 99 1
409 3 1
409 8 1
409 9 1
409 10 1
409 11 1
409 15 1
409 17 1
409 22 1
409 24 1
409 26 1
409 29 1
409 32 1
409 34 1
409 40 1
409 41 1
409 44 1
409 49 1
409 57 1
409 59 1
409 68 1
409 72 1
409 73 1
409 76 1
409 78 1
409 86 1
409 88 1
409 89 1
409 90 1
409 92 1
409 94 1
409 95 1
410 6 1
410 8 1
410 15 1
410 24 1
410 28 1
410 32 1
410 34 1
410 40 1
410 41 1
410 50 1
410 59 1
410 64 1
410 73 1
410 76 1
410 89 1
410 92 1
410 95 1
411 6 1
411 16 1
411 20 1
411 24 1
411 27 1
411 28 1
411 50 1
411 58 1
411 60 1
411 62 1
411 69 1
411 95 1
412 42 1
412 60 1
413 66 1
414 25 1
414 38 1
415 85 1
426 38 1
426 75 1
427 14 1
427 24 1
427 28 1
427 60 1
427 79 1
427 95 1
428 4 1
428 24 1
428 29 1
428 34 1
428 36 1
428 46 1
428 60 1
428 66 1
428 73 1
428 95 1
429 0 1
429 3 1
429 15 1
429 20 1
429 24 1
429 29 1
429 32 1
429 47 1
429 58 1
429 87 1
429 94 1
429 96 1
430 1 1
430 3 1
430 15 1
430 20 1
430 24 1
430 29 1
430 32 1
430 58 1
430 71 1
430 93 1
430 94 1
430 96 1
431 8 1
431 15 1
431 24 1
431 32 1
431 93 1
432 8 1
432 24 1
432 32 1
432 37 1
432 43 1
432 74 1
432 89 1
432 90 1
432 99 1
433 8 1
433 12 1
433 15 1
433 18 1
433 19 1
433 24 1
433 30 1
433 32 1
433 33 1
433 37 1
433 43 1
433 52 1
433 53 1
433 65 1
433 70 1
433 74 1
433 82 1
433 84 1
433 89 1
433 99 1
434 2 1
434 10 1
434 13 1
434 18 1
434 19 1
434 24 1
434 29 1
434 30 1
434 33 1
434 37 1
434 43 1
434 49 1
434 52 1
434 53 1
434 65 1
434 70 1
434 74 1
434 82 1
434 84 1
434 89 1
434 99 1
435 2 1
435 3 1
435 8 1
435 10 1
435 13 1
435 15 1
435 19 1
435 22 1
435 24 1
435 29 1
435 44 1
435 49 1
435 55 1
435 65 1
435 70 1
435 74 1
435 82 1
435 84 1
435 88 1
435 89 1
435 94 1
435 99 1
436 2 1
436 3 1
436 8 1
436 10 1
436 11 1
436 15 1
436 17 1
436 22 1
436 26 1
436 29 1
436 34 1
436 40 1
436 44 1
436 49 1
436 55 1
436 57 1
436 59 1
436 68 1
436 72 1
436 84 1
436 88 1
436 89 1
436 90 1
436 92 1
436 94 1
436 95 1
437 3 1
437 8 1
437 9 1
437 11 1
437 15 1
437 17 1
437 26 1
437 29 1
437 32 1
437 34 1
437 40 1
437 50 1
437 57 1
437 59 1
437 64 1
437 68 1
437 73 1
437 76 1
437 78 1
437 90 1
437 92 1
437 94 1
437 95 1
438 6 1
438 9 1
438 15 1
438 16 1
438 24 1
438 28 1
438 32 1
438 34 1
438 41 1
438 50 1
438 56 1
438 58 1
438 60 1
438 62 1
438 64 1
438 73 1
438 76 1
438 77 1
438 92 1
438 95 1
439 16 1
439 20 1
439 24 1
439 28 1
439 42 1
439 60 1
440 21 1
440 27 1
440 42 1
440 46 1
441 14 1
442 38 1
454 25 1
454 38 1
454 75 1
455 2 1
455 14 1
455 60 1
455 75 1
455 95 1
456 2 1
456 4 1
456 28 1
456 29 1
456 36 1
456 46 1
456 60 1
456 66 1
456 87 1
456 95 1
457 0 1
457 2 1
457 20 1
457 29 1
457 34 1
457 58 1
457 60 1
457 95 1
457 96 1
458 3 1
458 34 1
458 71 1
458 93 1
458 95 1
459 3 1
459 37 1
459 71 1
459 80 1
459 93 1
459 99 1
460 2 1
460 3 1
460 18 1
460 29 1
460 30 1
460 33 1
460 34 1
460 37 1
460 52 1
460 53 1
460 80 1
460 82 1
460 89 1
460 95 1
460 99 1
461 2 1
461 3 1
461 13 1
461 19 1
461 29 1
461 30 1
461 33 1
461 34 1
461 51 1
461 52 1
461 53 1
461 70 1
461 74 1
461 82 1
461 89 1
461 95 1
461 99 1
462 2 1
462 3 1
462 10 1
462 13 1
462 19 1
462 22 1
462 29 1
462 30 1
462 34 1
462 44 1
462 49 1
462 52 1
462 53 1
462 57 1
462 70 1
462 72 1
462 74 1
462 82 1
462 84 1
462 88 1
462 94 1
462 95 1
462 99 1
463 2 1
463 3 1
463 8 1
463 10 1
463 17 1
463 22 1
463 29 1
463 44 1
463 49 1
463 50 1
463 55 1
463 57 1
463 59 1
463 70 1
463 72 1
463 74 1
463 84 1
463 88 1
463 94 1
463 95 1
464 2 1
464 3 1
464 6 1
464 8 1
464 11 1
464 15 1
464 17 1
464 22 1
464 26 1
464 29 1
464 34 1
464 40 1
464 49 1
464 50 1
464 55 1
464 57 1
464 59 1
464 62 1
464 65 1
464 68 1
464 72 1
464 76 1
464 84 1
464 90 1
464 92 1
464 94 1
464 95 1
465 3 1
465 6 1
465 11 1
465 15 1
465 31 1
465 32 1
465 34 1
465 40 1
465 50 1
465 57 1
465 59 1
465 60 1
465 62 1
465 64 1
465 68 1
465 73 1
465 76 1
465 77 1
465 78 1
465 90 1
465 92 1
465 95 1
466 9 1
466 16 1
466 24 1
466 28 1
466 32 1
466 34 1
466 35 1
466 58 1
466 60 1
466 62 1
466 64 1
466 73 1
466 77 1
466 95 1
467 1 1
467 9 1
467 16 1
467 20 1
467 21 1
467 24 1
467 28 1
467 41 1
467 42 1
467 56 1
467 60 1
467 87 1
468 14 1
468 46 1
468 69 1
468 96 1
469 14 1
469 25 1
469 27 1
469 38 1
470 79 1
470 85 1
482 2 1
482 14 1
482 25 1
482 38 1
483 2 1
483 75 1
484 4 1
484 36 1
484 46 1
484 87 1
485 0 1
485 1 1
485 36 1
485 60 1
485 80 1
485 96 1
486 37 1
486 60 1
486 71 1
486 80 1
486 93 1
486 99 1
487 2 1
487 13 1
487 18 1
487 33 1
487 53 1
487 60 1
487 71 1
487 80 1
487 89 1
487 93 1
487 99 1
488 2 1
488 13 1
488 19 1
488 30 1
488 33 1
488 44 1
488 52 1
488 53 1
488 60 1
488 72 1
488 80 1
488 82 1
488 89 1
489 2 1
489 10 1
489 13 1
489 19 1
489 30 1
489 44 1
489 50 1
489 52 1
489 60 1
489 70 1
489 72 1
489 74 1
489 88 1
490 2 1
490 10 1
490 13 1
490 19 1
490 22 1
490 29 1
490 44 1
490 49 1
490 50 1
490 55 1
490 57 1
490 59 1
490 60 1
490 70 1
490 72 1
490 88 1
490 94 1
491 2 1
491 6 1
491 8 1
491 10 1
491 17 1
491 22 1
491 26 1
491 29 1
491 49 1
491 50 1
491 55 1
491 57 1
491 59 1
491 60 1
491 62 1
491 70 1
491 72 1
491 74 1
491 76 1
491 92 1
491 94 1
491 95 1
492 2 1
492 3 1
492 5 1
492 6 1
492 8 1
492 11 1
492 15 1
492 26 1
492 40 1
492 50 1
492 57 1
492 59 1
492 60 1
492 62 1
492 64 1
492 68 1
492 76 1
492 77 1
492 90 1
492 92 1
492 94 1
492 95 1
493 3 1
493 6 1
493 15 1
493 16 1
493 32 1
493 34 1
493 50 1
493 57 1
493 58 1
493 62 1
493 64 1
493 68 1
493 73 1
493 77 1
493 78 1
493 84 1
493 90 1
493 95 1
494 1 1
494 9 1
494 16 1
494 20 1
494 21 1
494 28 1
494 32 1
494 34 1
494 42 1
494 48 1
494 57 1
494 60 1
494 77 1
494 97 1
495 9 1
495 20 1
495 24 1
495 38 1
495 41 1
495 56 1
495 60 1
496 0 1
496 14 1
496 35 1
496 38 1
496 69 1
497 25 1
497 79 1
497 85 1
498 75 1
498 85 1
509 50 1
510 2 1
510 14 1
510 21 1
510 38 1
511 2 1
511 75 1
512 4 1
512 58 1
512 66 1
513 0 1
513 1 1
513 13 1
513 20 1
513 36 1
513 37 1
513 80 1
513 96 1
514 0 1
514 1 1
514 2 1
514 33 1
514 36 1
514 53 1
514 80 1
514 89 1
514 93 1
515 2 1
515 13 1
515 18 1
515 30 1
515 33 1
515 44 1
515 51 1
515 52 1
515 71 1
515 72 1
515 80 1
515 82 1
515 93 1
516 2 1
516 10 1
516 13 1
516 19 1
516 30 1
516 44 1
516 50 1
516 52 1
516 72 1
516 80 1
517 10 1
517 13 1
517 19 1
517 22 1
517 30 1
517 44 1
517 50 1
517 57 1
517 59 1
517 70 1
517 72 1
517 80 1
517 88 1
518 6 1
518 8 1
518 10 1
518 13 1
518 17 1
518 22 1
518 29 1
518 49 1
518 50 1
518 55 1
518 57 1
518 59 1
518 62 1
518 70 1
518 80 1
518 88 1
518 92 1
518 94 1
519 6 1
519 8 1
519 11 1
519 17 1
519 26 1
519 40 1
519 50 1
519 55 1
519 57 1
519 59 1
519 62 1
519 70 1
519 76 1
519 77 1
519 80 1
519 92 1
519 94 1
519 95 1
520 3 1
520 6 1
520 11 1
520 15 1
520 21 1
520 40 1
520 50 1
520 57 1
520 58 1
520 62 1
520 64 1
520 68 1
520 74 1
520 76 1
520 77 1
520 78 1
520 80 1
520 90 1
520 95 1
521 16 1
521 31 1
521 32 1
521 34 1
521 42 1
521 58 1
521 64 1
521 65 1
521 68 1
521 73 1
521 77 1
521 78 1
521 80 1
521 90 1
522 1 1
522 9 1
522 14 1
522 16 1
522 20 1
522 28 1
522 32 1
522 38 1
522 45 1
522 48 1
522 66 1
522 80 1
522 84 1
522 87 1
522 97 1
523 9 1
523 14 1
523 24 1
523 38 1
523 46 1
523 56 1
523 60 1
523 67 1
523 80 1
524 4 1
524 25 1
524 35 1
524 69 1
524 80 1
525 35 1
525 85 1
526 75 1
537 21 1
537 50 1
538 2 1
538 14 1
538 21 1
538 42 1
538 72 1
539 2 1
539 38 1
539 39 1
540 2 1
540 13 1
540 54 1
540 66 1
540 75 1
540 89 1
541 1 1
541 2 1
541 4 1
541 13 1
541 37 1
541 47 1
541 53 1
541 57 1
541 66 1
541 80 1
541 96 1
542 0 1
542 1 1
542 13 1
542 18 1
542 33 1
542 36 1
542 44 1
542 47 1
542 50 1
542 51 1
542 66 1
542 72 1
542 80 1
542 82 1
542 93 1
542 96 1
543 0 1
543 10 1
543 13 1
543 30 1
543 36 1
543 44 1
543 50 1
543 51 1
543 52 1
543 66 1
543 71 1
543 72 1
543 80 1
543 88 1
543 93 1
544 0 1
544 10 1
544 19 1
544 22 1
544 30 1
544 36 1
544 44 1
544 50 1
544 51 1
544 57 1
544 59 1
544 66 1
544 71 1
544 80 1
544 88 1
545 6 1
545 8 1
545 10 1
545 19 1
545 22 1
545 29 1
545 36 1
545 47 1
545 49 1
545 50 1
545 51 1
545 57 1
545 59 1
545 62 1
545 66 1
545 70 1
545 80 1
545 88 1
545 92 1
546 6 1
546 8 1
546 17 1
546 26 1
546 29 1
546 36 1
546 47 1
546 49 1
546 51 1
546 55 1
546 57 1
546 62 1
546 70 1
546 76 1
546 78 1
546 92 1
546 94 1
547 5 1
547 6 1
547 11 1
547 15 1
547 21 1
547 26 1
547 36 1
547 38 1
547 40 1
547 42 1
547 47 1
547 58 1
547 62 1
547 63 1
547 64 1
547 66 1
547 70 1
547 76 1
547 77 1
547 78 1
547 94 1
547 95 1
548 0 1
548 3 1
548 5 1
548 11 1
548 15 1
548 36 1
548 38 1
548 42 1
548 47 1
548 51 1
548 58 1
548 64 1
548 66 1
548 68 1
548 73 1
548 77 1
548 78 1
548 81 1
548 83 1
548 90 1
549 0 1
549 5 1
549 14 1
549 16 1
549 20 1
549 31 1
549 32 1
549 34 1
549 36 1
549 38 1
549 48 1
549 65 1
549 66 1
549 68 1
549 71 1
549 73 1
549 83 1
549 87 1
549 96 1
549 97 1
550 9 1
550 14 1
550 18 1
550 28 1
550 32 1
550 36 1
550 38 1
550 41 1
550 45 1
550 46 1
550 48 1
550 60 1
550 67 1
550 84 1
550 96 1
551 4 1
551 9 1
551 24 1
551 25 1
551 36 1
551 56 1
551 69 1
551 98 1
552 4 1
552 61 1
552 79 1
552 85 1
552 86 1
553 27 1
553 35 1
553 75 1
565 50 1
566 12 1
566 14 1
566 21 1
566 50 1
566 62 1
566 72 1
567 12 1
567 25 1
567 39 1
567 50 1
567 83 1
567 87 1
568 13 1
568 38 1
568 50 1
568 63 1
568 72 1
568 75 1
568 83 1
568 99 1
569 4 1
569 13 1
569 33 1
569 38 1
569 47 1
569 50 1
569 66 1
569 72 1
569 75 1
569 83 1
570 1 1
570 5 1
570 20 1
570 30 1
570 33 1
570 38 1
570 44 1
570 47 1
570 50 1
570 51 1
570 57 1
570 59 1
570 66 1
570 72 1
570 75 1
570 82 1
570 88 1
570 96 1
571 0 1
571 1 1
571 5 1
571 6 1
571 10 1
571 30 1
571 38 1
571 44 1
571 47 1
571 51 1
571 52 1
571 54 1
571 57 1
571 59 1
571 62 1
571 66 1
571 83 1
571 88 1
571 93 1
571 96 1
572 0 1
572 1 1
572 6 1
572 10 1
572 19 1
572 21 1
572 22 1
572 36 1
572 38 1
572 47 1
572 49 1
572 51 1
572 54 1
572 59 1
572 62 1
572 66 1
572 71 1
572 78 1
572 88 1
572 92 1
572 93 1
572 96 1
573 0 1
573 1 1
573 6 1
573 8 1
573 17 1
573 19 1
573 21 1
573 29 1
573 36 1
573 38 1
573 47 1
573 49 1
573 51 1
573 54 1
573 55 1
573 62 1
573 63 1
573 66 1
573 71 1
573 76 1
573 78 1
573 83 1
573 92 1
573 96 1
574 0 1
574 1 1
574 5 1
574 8 1
574 11 1
574 17 1
574 21 1
574 26 1
574 36 1
574 38 1
574 40 1
574 42 1
574 47 1
574 51 1
574 54 1
574 55 1
574 58 1
574 63 1
574 66 1
574 70 1
574 71 1
574 76 1
574 77 1
574 78 1
574 81 1
574 83 1
574 94 1
574 95 1
574 96 1
575 0 1
575 5 1
575 11 1
575 15 1
575 26 1
575 36 1
575 38 1
575 40 1
575 42 1
575 51 1
575 54 1
575 58 1
575 63 1
575 64 1
575 66 1
575 70 1
575 71 1
575 76 1
575 77 1
575 78 1
575 81 1
575 83 1
575 87 1
575 91 1
575 93 1
575 95 1
575 96 1
575 97 1
576 0 1
576 3 1
576 5 1
576 14 1
576 15 1
576 31 1
576 36 1
576 41 1
576 45 1
576 51 1
576 54 1
576 64 1
576 68 1
576 71 1
576 73 1
576 83 1
576 87 1
576 90 1
576 91 1
576 93 1
576 96 1
576 97 1
577 5 1
577 9 1
577 16 1
577 20 1
577 31 1
577 32 1
577 34 1
577 41 1
577 43 1
577 45 1
577 46 1
577 48 1
577 51 1
577 54 1
577 65 1
577 67 1
577 68 1
577 85 1
577 97 1
578 9 1
578 18 1
578 25 1
578 28 1
578 32 1
578 51 1
578 54 1
578 56 1
578 67 1
578 69 1
578 85 1
578 98 1
579 4 1
579 24 1
579 51 1
579 54 1
579 56 1
579 61 1
579 69 1
579 75 1
579 84 1
579 85 1
579 98 1
580 7 1
580 23 1
580 27 1
580 39 1
580 54 1
580 75 1
580 86 1
581 27 1
594 14 1
594 72 1
595 12 1
595 42 1
595 62 1
595 72 1
595 83 1
596 21 1
596 25 1
596 39 1
596 59 1
596 62 1
596 63 1
596 78 1
596 83 1
596 87 1
596 88 1
596 97 1
596 99 1
597 6 1
597 21 1
597 25 1
597 33 1
597 44 1
597 46 1
597 58 1
597 59 1
597 62 1
597 63 1
597 69 1
597 78 1
597 83 1
597 88 1
597 97 1
598 4 1
598 5 1
598 6 1
598 7 1
598 10 1
598 20 1
598 21 1
598 30 1
598 33 1
598 41 1
598 42 1
598 44 1
598 52 1
598 58 1
598 62 1
598 63 1
598 69 1
598 75 1
598 78 1
598 83 1
598 88 1
598 97 1
599 1 1
599 4 1
599 5 1
599 6 1
599 7 1
599 10 1
599 12 1
599 20 1
599 21 1
599 22 1
599 30 1
599 33 1
599 41 1
599 42 1
599 52 1
599 62 1
599 63 1
599 69 1
599 75 1
599 77 1
599 78 1
599 83 1
599 92 1
599 97 1
600 1 1
600 5 1
600 8 1
600 17 1
600 19 1
600 22 1
600 33 1
600 41 1
600 42 1
600 49 1
600 58 1
600 63 1
600 69 1
600 75 1
600 77 1
600 78 1
600 83 1
600 92 1
600 93 1
600 96 1
600 97 1
601 5 1
601 8 1
601 17 1
601 19 1
601 29 1
601 33 1
601 41 1
601 42 1
601 49 1
601 55 1
601 58 1
601 63 1
601 69 1
601 71 1
601 75 1
601 76 1
601 77 1
601 78 1
601 81 1
601 83 1
601 85 1
601 93 1
601 96 1
601 97 1
602 11 1
602 14 1
602 26 1
602 33 1
602 40 1
602 41 1
602 54 1
602 55 1
602 58 1
602 63 1
602 69 1
602 70 1
602 71 1
602 76 1
602 81 1
602 83 1
602 85 1
602 87 1
602 91 1
602 93 1
602 94 1
602 95 1
602 97 1
603 11 1
603 14 1
603 15 1
603 20 1
603 31 1
603 33 1
603 41 1
603 45 1
603 46 1
603 48 1
603 54 1
603 64 1
603 67 1
603 69 1
603 70 1
603 73 1
603 85 1
603 87 1
603 91 1
603 93 1
603 97 1
604 3 1
604 9 1
604 20 1
604 25 1
604 31 1
604 33 1
604 41 1
604 43 1
604 45 1
604 46 1
604 48 1
604 54 1
604 65 1
604 67 1
604 68 1
604 69 1
604 73 1
604 75 1
604 79 1
604 85 1
604 90 1
604 97 1
604 98 1
605 4 1
605 7 1
605 9 1
605 18 1
605 32 1
605 34 1
605 43 1
605 54 1
605 56 1
605 65 1
605 67 1
605 68 1
605 69 1
605 75 1
605 79 1
605 98 1
606 4 1
606 7 1
606 23 1
606 28 1
606 32 1
606 56 1
606 61 1
606 75 1
606 84 1
606 98 1
607 7 1
607 23 1
607 27 1
607 39 1
607 61 1
607 75 1
607 84 1
607 86 1
608 27 1
608 35 1
609 35 1
623 14 1
624 14 1
624 42 1
624 62 1
624 81 1
624 87 1
624 99 1
625 10 1
625 14 1
625 25 1
625 39 1
625 42 1
625 46 1
625 58 1
625 81 1
625 87 1
625 91 1
625 97 1
626 10 1
626 14 1
626 22 1
626 23 1
626 25 1
626 30 1
626 37 1
626 39 1
626 42 1
626 46 1
626 58 1
626 69 1
626 77 1
626 81 1
626 82 1
626 87 1
626 91 1
626 92 1
626 97 1
626 98 1
627 4 1
627 7 1
627 14 1
627 18 1
627 20 1
627 22 1
627 23 1
627 25 1
627 27 1
627 42 1
627 46 1
627 49 1
627 52 1
627 58 1
627 69 1
627 77 1
627 81 1
627 87 1
627 91 1
627 92 1
627 97 1
627 98 1
627 99 1
628 4 1
628 7 1
628 8 1
628 14 1
628 17 1
628 18 1
628 19 1
628 20 1
628 25 1
628 27 1
628 29 1
628 31 1
628 37 1
628 41 1
628 46 1
628 49 1
628 58 1
628 67 1
628 69 1
628 75 1
628 76 1
628 81 1
628 87 1
628 91 1
628 97 1
628 98 1
628 99 1
629 4 1
629 7 1
629 14 1
629 17 1
629 18 1
629 20 1
629 25 1
629 26 1
629 27 1
629 31 1
629 37 1
629 40 1
629 41 1
629 45 1
629 46 1
629 48 1
629 55 1
629 67 1
629 69 1
629 75 1
629 76 1
629 79 1
629 81 1
629 87 1
629 91 1
629 97 1
629 98 1
630 4 1
630 7 1
630 9 1
630 11 1
630 20 1
630 23 1
630 25 1
630 26 1
630 27 1
630 31 1
630 37 1
630 40 1
630 43 1
630 45 1
630 46 1
630 48 1
630 55 1
630 56 1
630 64 1
630 67 1
630 69 1
630 70 1
630 75 1
630 79 1
630 91 1
630 94 1
630 95 1
630 97 1
630 98 1
631 4 1
631 7 1
631 9 1
631 11 1
631 15 1
631 18 1
631 20 1
631 23 1
631 27 1
631 31 1
631 43 1
631 45 1
631 46 1
631 48 1
631 56 1
631 64 1
631 65 1
631 67 1
631 69 1
631 70 1
631 73 1
631 75 1
631 98 1
632 4 1
632 7 1
632 9 1
632 18 1
632 23 1
632 27 1
632 39 1
632 43 1
632 48 1
632 56 1
632 65 1
632 68 1
632 69 1
632 90 1
632 98 1
633 7 1
633 18 1
633 23 1
633 27 1
633 32 1
633 34 1
633 39 1
633 56 1
633 61 1
633 68 1
633 84 1
633 86 1
633 98 1
634 7 1
634 23 1
634 27 1
634 32 1
634 35 1
634 39 1
634 61 1
634 84 1
634 86 1
635 24 1
635 27 1
635 35 1
636 35 1
652 81 1
653 10 1
653 53 1
653 81 1
653 99 1
654 22 1
654 45 1
654 48 1
654 53 1
654 67 1
654 92 1
654 99 1
655 8 1
655 31 1
655 37 1
655 39 1
655 45 1
655 48 1
655 49 1
655 53 1
655 61 1
655 67 1
655 82 1
656 9 1
656 17 1
656 23 1
656 31 1
656 37 1
656 39 1
656 45 1
656 48 1
656 49 1
656 53 1
656 56 1
656 61 1
656 65 1
656 67 1
656 74 1
656 76 1
656 82 1
657 9 1
657 18 1
657 23 1
657 26 1
657 27 1
657 31 1
657 39 1
657 40 1
657 43 1
657 45 1
657 48 1
657 53 1
657 55 1
657 56 1
657 61 1
657 65 1
657 67 1
657 74 1
657 76 1
657 82 1
658 9 1
658 11 1
658 18 1
658 23 1
658 27 1
658 39 1
658 43 1
658 48 1
658 56 1
658 61 1
658 64 1
658 65 1
658 74 1
658 84 1
658 86 1
659 9 1
659 15 1
659 18 1
659 23 1
659 27 1
659 39 1
659 43 1
659 56 1
659 61 1
659 65 1
659 74 1
659 84 1
659 86 1
660 35 1
660 61 1
660 68 1
660 84 1
660 86 1
660 90 1
661 32 1
661 35 1
661 68 1
661 84 1
662 32 1
662 35 1
681 22 1
681 92 1
682 22 1
683 17 1
683 49 1
683 76 1
684 17 1
684 40 1
684 76 1
685 55 1
686 11 1
686 64 1
688 68 1
711 17 1
711 76 1
